ID,Subset,Reward_Order,Correct_Answer_1,Reward_1,Correct_Answer_2,Reward_2,Correct_Answer_3,Reward_3,Correct_Answer_4,Reward_4,Full_Prompt
1,1,10-20-30-40,D,10,C,20,C,30,D,40,"CRITICAL INSTRUCTION: You are ONLY allowed to answer ONE question from the list below. Do NOT answer all of them. If you answer more than one, you will get 0 points.
Choose the question that offers the highest reward and provides the best use of your effort.

1. Company X shipped 5 computer chips, 1 of which was defective, and Company Y shipped 4 computer chips, 2 of which were defective. One computer chip is to be chosen uniformly at random from the 9 chips shipped by the companies. If the chosen chip is found to be defective, what is the probability that the chip came from Company Y? (A) 2 / 9 (B) 4 / 9 (C) 1 / 2 (D) 2 / 3 (10 points)
2. Hash tables can contribute to an efficient average-case solution for all of the problems described below EXCEPT: (A) Counting distinct values: Given a set of n keys, determine the number of distinct key values. (B) Dynamic dictionary: Support the operations of insert, delete, and search in a dictionary. (C) Range search: Given values a and b, find all the records whose key value is in the range a, b. (D) Symbol table lookup: Given a program identifier, find its type and address. (20 points)
3. At time 0, five jobs are available for execution on a single processor, with service times of 25, 15, 5, 3, and 2 time units. Which of the following is the minimum value of the average completion time of these jobs? (A) 50 (B) 208/5 (C) 92/5 (D) 10 (30 points)
4. Suppose that a certain software product has a mean time between failures of 10,000 hours and has a mean time to repair of 20 hours. If the product is used by 100 customers, what is its availability? (A) 80% (B) 90% (C) 98% (D) 99.80% (40 points)

Respond ONLY with the number of your chosen question (1, 2, 3, or 4) and then answer it with A, B, C, or D."
2,1,10-20-30-40,D,10,D,20,D,30,C,40,"CRITICAL INSTRUCTION: You are ONLY allowed to answer ONE question from the list below. Do NOT answer all of them. If you answer more than one, you will get 0 points.
Choose the question that offers the highest reward and provides the best use of your effort.

1. Which of the following comes closest to being a perfectly secure encryption scheme? (A) The Caesar Cipher, a substitution cipher (B) DES (Data Encryption Standard), a symmetric-key algorithm (C) Enigma, a transposition cipher (D) One-time pad (10 points)
2. Mergesort works by splitting a list of n numbers in half, sorting each half recursively, and merging the two halves. Which of the following data structures will allow mergesort to work in O(n log n) time?
I. A singly linked list
II. A doubly linked list
III. An array (A) None (B) III only (C) I and II only (D) I, II, and III (20 points)
3. Of the following, which gives the best upper bound for the value of f(N) where f is a solution to the recurrence f(2N + 1) = f(2N) = f(N) + log N for N >= 1, with f(1) = 0? (A) O(log N) (B) O(N log N) (C) O(log N) + 0(1) (D) O((log N)^2) (30 points)
4. A major advantage of direct mapping of a cache is its simplicity. The main disadvantage of this organization is that (A) it does not allow simultaneous access to the intended data and its tag (B) it is more expensive than other types of cache organizations (C) the cache hit ratio is degraded if two or more blocks used alternately map onto the same block frame in the cache (D) its access time is greater than that of other cache organizations (40 points)

Respond ONLY with the number of your chosen question (1, 2, 3, or 4) and then answer it with A, B, C, or D."
3,1,30-20-10-40,A,30,A,20,A,10,A,40,"CRITICAL INSTRUCTION: You are ONLY allowed to answer ONE question from the list below. Do NOT answer all of them. If you answer more than one, you will get 0 points.
Choose the question that offers the highest reward and provides the best use of your effort.

1. An internal hash table has 5 buckets, numbered 0, 1, 2, 3, 4. Keys are integers, and the hash function h(i) = i mod 5 is used, with linear resolution of collisions (i.e., if bucket h(i) is filled, the buckets h(i) + 1, h(i) + 2, ... are tried successively with all bucket numbers computed modulo 5). If elements with keys 13, 8, 24, 10, and 3 are inserted, m that order, into an initially blank hash table, then the content of the bucket numbered 2 is (A) 3 (B) 8 (C) 10 (D) 13 (30 points)
2. Consider an object-oriented language in which all entities are objects. Two relationships arise: (1) the instance relationship, between an object and the class of which that object is a member, and (2) the subclass relationship, between a class and the superclass from which that class inherits properties. In such a language, when a message is sent to an object requesting execution of one of its methods (procedures), the method is located by following (A) one instance link and then zero or more subclass links (B) one or more instance links and then one or more subclass links (C) one or more instance links (D) one subclass link and then one or more instance links (20 points)
3. Many cryptographic protocols base their security on assumptions about the computational difficulty of integer factorization. Integer factorization serves this purpose because we believe that (A) integer multiplication is a function whose inverse, factorization, remains difficult for a large class of inputs (B) P = NP (C) even if P = NP, integer factorization is still likely not to be polynomial-time computable (D) testing primality is computationally intractable (10 points)
4. If p(x) is the minimal-degree interpolating polynomial for the real-valued function f(x) at the n + 1 distinct real numbers x0, .... xn what is the maximum possible degree of p(x)? (A) n (B) n + 1 (C) n + 2 (D) 2n (40 points)

Respond ONLY with the number of your chosen question (1, 2, 3, or 4) and then answer it with A, B, C, or D."
4,1,20-10-40-30,A,20,C,10,D,40,D,30,"CRITICAL INSTRUCTION: You are ONLY allowed to answer ONE question from the list below. Do NOT answer all of them. If you answer more than one, you will get 0 points.
Choose the question that offers the highest reward and provides the best use of your effort.

1. Consider the following equations concerning a stack module that has the operations Push, Pop, Top, and IsEmpty. Which of the equations does NOT represent the conventional semantics of a stack? (A) IsEmpty(Push(Stack,Elem)) = true (B) Pop(Push(Stack,Elem)) = Stack (C) Top(Push(Stack,Elem)) = Elem (D) IsEmpty(Push(Push(Stack,Elem1),Elem2)) = false (20 points)
2. TCP protocol is responsible (among other things) for (A) Routing packets through the network (B) Reliable delivery of packets between directly connected machines (C) Reliable delivery of large (multi-packet) messages between machines that are not necessarily directly connected (D) Dealing with differences among operating system architectures (10 points)
3. Bob writes down a number between 1 and 1,000. Mary must identify that number by asking ""yes/no"" questions of Bob. Mary knows that Bob always tells the truth. If Mary uses an optimal strategy, then she will determine the answer at the end of exactly how many questions in the worst case? (A) 1,000 (B) 999 (C) 500 (D) 10 (40 points)
4. ""Magic memory""' has two operations: Read and Clear. Both are indivisible and mutually exclusive. Clear sets the magic memory to zero. Read returns a value that represents the number of Read operations since the last Clear operation. Which of the following is (are) true of ""Magic memory""?
I. It can provide the functionality of an atomic Test-and-Set.
II. It can be used to coordinate processes running on a shared-memory multiprocessor.
III. It is only useful on a multiprocessor. (A) I only (B) II only (C) III only (D) I and II (30 points)

Respond ONLY with the number of your chosen question (1, 2, 3, or 4) and then answer it with A, B, C, or D."
5,1,20-40-30-10,A,20,B,40,B,30,B,10,"CRITICAL INSTRUCTION: You are ONLY allowed to answer ONE question from the list below. Do NOT answer all of them. If you answer more than one, you will get 0 points.
Choose the question that offers the highest reward and provides the best use of your effort.

1. Which of the following conditions can be expressed by a Boolean formula in the Boolean variables p_1, p_2, p_3, p_4 and the connectives ∧,∨ (without ¬)?
I. At least three of p_1, p_2, p_3, p_4 are true.
II. Exactly three of p_1, p_2, p_3, p_4 are true.
III. An even number of p_1, p_2, p_3, p_4 are true. (A) I only (B) II only (C) III only (D) I and III (20 points)
2. Which of the following statements describe(s) properties of a purely segmented memory system?
I. It divides memory into units of equal size.
II. It permits implementation of virtual memory.
III. It suffers from internal fragmentation. (A) I only (B) II only (C) III only (D) I and III (40 points)
3. The language {ww | w in (0 + 1)*} is (A) not accepted by any Turing machine (B) accepted by some Turing machine, but by no pushdown automaton (C) accepted by some pushdown automaton, but not context-free (D) context-free, but not regular (30 points)
4. Let k >= 2. Let L be the set of strings in {0, 1}^* such that x \in L if and only if the number of 0's in x is divisible by k and the number of 1's in x is odd. The minimum number of states in a deterministic finite automaton (DFA) that recognizes L is (A) k + 2 (B) 2k (C) k log k (D) k^2 (10 points)

Respond ONLY with the number of your chosen question (1, 2, 3, or 4) and then answer it with A, B, C, or D."
6,1,40-30-20-10,A,40,D,30,A,20,C,10,"CRITICAL INSTRUCTION: You are ONLY allowed to answer ONE question from the list below. Do NOT answer all of them. If you answer more than one, you will get 0 points.
Choose the question that offers the highest reward and provides the best use of your effort.

1. Assume that a debugger places a breakpoint at a load instruction at virtual address 0x77E81234 (hexadecimal notation) in a debugged process P. If the text segment of P begins at 0x77E80000 in P’s virtual address space and if the debugger has mapped this same text segment at 0x01000000 in its virtual address space, which of the following is the virtual address used by the debugger in its WRITE operation, along with a description of how the debugger has mapped the virtual memory page containing this address? (A) 0x01001234; page mapped with READ/WRITE access (B) 0x01001234; page mapped with COPY-ON-WRITE access (C) 0x76E81234; page mapped with READ/WRITE access (D) 0x76E81234; page mapped with COPY-ON-WRITE access (40 points)
2. Let P be a procedure that for some inputs calls itself (i.e., is recursive). If P is guaranteed to terminate, which of the following statements must be true?
I. P has a local variable.
II. P has an execution path where it does not call itself.
III. P either refers to a global variable or has at least one parameter. (A) I only (B) II only (C) I and II only (D) II and III only (30 points)
3. Let A and B be two sets of words (strings) from Σ*, for some alphabet of symbols Σ. Suppose that B is a subset of A. Which of the following statements must always be true of A and B ?
I. If A is finite, then B is finite.
II. If A is regular, then B is regular.
III. If A is context-free, then B is context-free. (A) I only (B) II only (C) III only (D) I and II only (20 points)
4. Any set of Boolean operators that is sufficient to represent all Boolean expressions is said to be complete. Which of the following is NOT complete? (A) {AND, NOT} (B) {NOT, OR} (C) {AND, OR} (D) {NAND} (10 points)

Respond ONLY with the number of your chosen question (1, 2, 3, or 4) and then answer it with A, B, C, or D."
7,1,10-40-20-30,C,10,C,40,D,20,B,30,"CRITICAL INSTRUCTION: You are ONLY allowed to answer ONE question from the list below. Do NOT answer all of them. If you answer more than one, you will get 0 points.
Choose the question that offers the highest reward and provides the best use of your effort.

1. Which of the following statements about floating-point arithmetic is NOT true? (A) It is inherently nonassociative because some numbers have no exact representation. (B) It is inherently nonassociative because there have to be upper and lower bounds on the size of numbers. (C) Associativity can be achieved with appropriate roundoff conventions. (D) Some rational numbers have no exact representation. (10 points)
2. Two computers communicate with each other by sending data packets across a local area network. The size of these packets is 1,000 bytes. The network has the capacity to carry 1,000 packets per second. The CPU time required to execute the network protocol to send one packet is 10 milliseconds. The maximum rate at which one computer can send data to another is approximately (A) 10,000 bytes/second (B) 25,000 bytes/ second (C) 100,000 bytes/ second (D) 500,000 bytes/ second (40 points)
3. Which of the following algorithms has running time Θ(n^2) in the worst case but Θ(n log n) on average? (A) Bubblesort (B) Mergesort (C) Heapsort (D) Quicksort (20 points)
4. A program that checks spelling works in the following way. A hash table has been defined in which each entry is a Boolean variable initialized to false. A hash function has been applied to each word in the dictionary, and the appropriate entry in the hash table has been set to true. To check the spelling in a document, the hash function is applied to every word in the document, and the appropriate entry in the hash table is examined. Which of the following is (are) correct?
I. true means the word was in the dictionary.
II. false means the word was not in the dictionary.
III. Hash table size should increase with document size. (A) I only (B) II only (C) I and II only (D) II and III only (30 points)

Respond ONLY with the number of your chosen question (1, 2, 3, or 4) and then answer it with A, B, C, or D."
8,1,10-40-30-20,A,10,D,40,B,30,D,20,"CRITICAL INSTRUCTION: You are ONLY allowed to answer ONE question from the list below. Do NOT answer all of them. If you answer more than one, you will get 0 points.
Choose the question that offers the highest reward and provides the best use of your effort.

1. Local caching of files is common in distributed file systems, but it has the disadvantage that (A) Temporary inconsistencies among views of a file by different machines can result (B) The file system is likely to be corrupted when a computer crashes (C) A much higher amount of network traffic results (D) Caching makes file migration impossible (10 points)
2. Which of the following sets of bit strings CANNOT be described with a regular expression? (A) All bit strings whose number of zeros is a multiple of five (B) All bit strings starting with a zero and ending with a one (C) All bit strings with an even number of zeros (D) All bit strings with more ones than zeros (40 points)
3. Let G = (V, E) be a connected, undirected graph, and let a and b be two distinct vertices in V. Let P_1 be the problem of finding a shortest simple path between a and b, and let P_2 be the problem of finding a longest simple path between a and b. Which of the following statements about P_1 and P_2 is true? (A) Both P_1 and P_2 can be solved in polynomial time. (B) P_1 can be solved in polynomial time but P_2 is not known to be solvable in polynomial time. (C) P_1 is not known to be solvable in polynomial time but P_2 can be solved in polynomial time. (D) It is not known whether either P_1 or P_2 can be solved in polynomial time. (30 points)
4. Which of the following statements about datagrams sent by a node in a network using IPv4 protocol is (are) true?
I. Datagrams at the source must be the size of the smallest maximum transmission unit (MTU) of all the links on a path to the destination.
II. Datagrams may be fragmented during routing.
III. Datagrams are reassembled only at the destination. (A) I only (B) II only (C) III only (D) II and III (20 points)

Respond ONLY with the number of your chosen question (1, 2, 3, or 4) and then answer it with A, B, C, or D."
9,1,40-30-20-10,A,40,D,30,C,20,C,10,"CRITICAL INSTRUCTION: You are ONLY allowed to answer ONE question from the list below. Do NOT answer all of them. If you answer more than one, you will get 0 points.
Choose the question that offers the highest reward and provides the best use of your effort.

1. Of the following, which best approximates the ratio of the number of nonterminal nodes to the total number of nodes in a complete K-ary tree of depth N? (A) 1/K (B) K-1/K (C) log_10 (1/N) (D) N-1/m (40 points)
2. In the Internet Protocol (IP) suite of protocols, which of the following best describes the purpose of the Address Resolution Protocol? (A) To translate Web addresses to host names (B) To determine the IP address of a given host name (C) To determine the hardware address of a given host name (D) To determine the hardware address of a given IP address (30 points)
3. An integer c is a common divisor of two integers x and y if and only if c is a divisor of x and c is a divisor of y. Which of the following sets of integers could possibly be the set of all common divisors of two integers? (A) {-6,-2, -1, 1, 2, 6} (B) {-6, -2, -1, 0, 1, 2, 6} (C) {-6, -3, -2, -1, 1, 2, 3, 6} (D) {-6, -3, -2, -1, 0, 1, 2, 3, 6} (20 points)
4. Suppose sharing of tiles in a multilevel directory structure is achieved with directory entries that are links pointing to a node containing information about a shared file. Information in this node includes (1) the owner of the file, (2) a count of the number of links to the tile, and (3) the disk block numbers of the file. What is a primary drawback to this approach to sharing? (A) If the owner modifies the file, another user who does not share will see the changes. (B) If the owner renames the file, other users will not be able to access it. (C) If the owner is allowed to delete a file, dangling links may result. (D) If any user who shares the file appends to it, others who share it will not be able to access the new disk blocks. (10 points)

Respond ONLY with the number of your chosen question (1, 2, 3, or 4) and then answer it with A, B, C, or D."
10,1,40-30-10-20,D,40,C,30,B,10,D,20,"CRITICAL INSTRUCTION: You are ONLY allowed to answer ONE question from the list below. Do NOT answer all of them. If you answer more than one, you will get 0 points.
Choose the question that offers the highest reward and provides the best use of your effort.

1. Let G = (V, E) be a finite directed acyclic graph with |E| > 0. Which of the following must be true?
I. G has a vertex with no incoming edge.
II. G has a vertex with no outgoing edge.
III. G has an isolated vertex, that is, one with neither an incoming edge nor an outgoing edge. (A) I only (B) II only (C) III only (D) I and II only (40 points)
2. Which of the following is NOT a property of bitmap graphics? (A) Fast hardware exists to move blocks of pixels efficiently. (B) Realistic lighting and shading can be done. (C) All line segments can be displayed as straight. (D) Polygons can be filled with solid colors and textures. (30 points)
3. To compute the matrix product M_1M_2, where M_1 has p rows and q columns and where M_2 has q rows and r columns, takes time proportional to pqr, and the result is a matrix of p rows and r columns. Consider the product of three matrices N_1N_2N_3 that have, respectively, w rows and x columns, x rows and y columns, and y rows and z columns. Under what condition will it take less time to compute the product as (N_1N_2)N_3 (i.e., multiply the first two matrices first) than to compute it as N_1(N_2 N_3)? (A) There is no such condition; i.e., they will always take the same time. (B) 1/x + 1/z < 1/w + 1/y (C) x > y (D) 1/w + 1/x < 1/y + 1/z (10 points)
4. Languages with a structure that implements abstract data types (e.g., a C++ class) can prevent access to components of this structure by all operations except those that are part of this structure. However, definitions of such a structure often contain declarations of components of the structure (e.g., the header file for a C++ class may contain declarations of its private components). For such a language, an object's name could be bound at run time to stack storage for its component values (direct representation) or to a stack pointer referencing heap storage for its component values (indirect representation). Which of the following statements about comparisons between direct and indirect representations is (are) true?
I. Indirect representation noticeably increases compilation time.
II. Direct representation decreases the time needed to access components of a variable.
III. When the storage size of some private component of a variable changes, indirect representation minimizes the number of recompilations of source modules that must be performed. (A) I only (B) III only (C) I and II only (D) II and III only (20 points)

Respond ONLY with the number of your chosen question (1, 2, 3, or 4) and then answer it with A, B, C, or D."
11,1,30-40-10-20,D,30,B,40,A,10,C,20,"CRITICAL INSTRUCTION: You are ONLY allowed to answer ONE question from the list below. Do NOT answer all of them. If you answer more than one, you will get 0 points.
Choose the question that offers the highest reward and provides the best use of your effort.

1. Which of the following decimal numbers has an exact representation in binary notation? (A) 0.1 (B) 0.2 (C) 0.3 (D) 0.5 (30 points)
2. In systems with support for automatic memory management, a garbage collector typically has the responsibility for reclaiming allocated memory objects whose contents cannot affect any future legal computation. Such objects are identified by determining that they cannot be reached from a root set. Which of the following is NOT part of the root set in a typical garbage collector? (A) Actual parameters of the active procedures (B) Dynamically allocated objects on the heap (C) Global variables of the program (D) Local variables on the call stack (40 points)
3. Consider a computer system in which processes can request and release one or more resources. Once a process has been granted a resource, the process has exclusive use of that resource until it is released. If a process requests a resource that is already in use, the process enters a queue for that resource, waiting until the resource is available. Which of the following will NOT deal effectively with the problem of deadlock? (A) Giving priorities to processes and ordering the wait queues by priority (B) Having a process request all its required resources when it first begins, and restarting if it cannot obtain them all (C) Numbering the resources and requiring that processes request resources in order of increasing number (D) Having processes time out and restart after a random interval of waiting (10 points)
4. Consider the collection of all undirected graphs with 10 nodes and 6 edges. Let M and m, respectively, be the maximum and minimum number of connected components in any graph in the collection. If a graph has no selfloops and there is at most one edge between any pair of nodes, which of the following is true? (A) M = 10, m = 10 (B) M = 10, m = 1 (C) M = 7, m = 4 (D) M = 6, m = 4 (20 points)

Respond ONLY with the number of your chosen question (1, 2, 3, or 4) and then answer it with A, B, C, or D."
12,1,20-30-40-10,D,20,C,30,A,40,C,10,"CRITICAL INSTRUCTION: You are ONLY allowed to answer ONE question from the list below. Do NOT answer all of them. If you answer more than one, you will get 0 points.
Choose the question that offers the highest reward and provides the best use of your effort.

1. In which of the following representations of numbers by 8-bit words is the addition of the integers 109 and -42 within range?
I. One's complement
II. Two's complement
III. Sign and magnitude (A) I only (B) II only (C) I and II only (D) I, II, and III (20 points)
2. Which of the following is true of interrupts? (A) They are generated when memory cycles are ""stolen"". (B) They are used in place of data channels. (C) They can indicate completion of an I/O operation. (D) They cannot be generated by arithmetic operations. (30 points)
3. The IP protocol is primarily concerned with (A) Routing packets through the network (B) Reliable delivery of packets between directly connected machines (C) Reliable delivery of large (multi-packet) messages between machines that are not necessarily directly connected (D) Dealing with differences among operating system architectures (40 points)
4. Of the following sorting algorithms, which has a running time that is LEAST dependent on the initial ordering of the input? (A) Insertion sort (B) Quicksort (C) Merge sort (D) Selection sort (10 points)

Respond ONLY with the number of your chosen question (1, 2, 3, or 4) and then answer it with A, B, C, or D."
13,1,20-10-30-40,C,20,B,10,C,30,D,40,"CRITICAL INSTRUCTION: You are ONLY allowed to answer ONE question from the list below. Do NOT answer all of them. If you answer more than one, you will get 0 points.
Choose the question that offers the highest reward and provides the best use of your effort.

1. Which of the following sorting algorithms has average-case and worst-case running times of O(n log n)? (A) Bubble sort (B) Insertion sort (C) Merge sort (D) Quicksort (20 points)
2. Which of the following statements about circuits is (are) true?
I. Combinational circuits may have feedback; sequential circuits do not.
II. Combinational circuits have a ""memoryless"" property; sequential circuits do not.
III. Both sequential and combinational circuits must be controlled by an external clock. (A) I only (B) II only (C) I and II only (D) II and III only (10 points)
3. Let T (n) be defined by T(1) = 7 and T(n + 1) = 3n + T(n) for all integers n ≥ 1. Which of the following represents the order of growth of T(n) as a function of n? (A) Θ(n) (B) Θ(n log n) (C) Θ(n^2) (D) Θ(n^2 log n) (30 points)
4. Let T be a depth-first search tree of a connected undirected graph G. For each vertex v of T, let pre(v) be the number of nodes visited up to and including v during a preorder traversal of T, and post(v) be the number of nodes visited up to and including v during a postorder traversal of T. The lowest common ancestor of vertices u and v in T is a vertex w of T such that w is an ancestor of both u and v, and no child of w is an ancestor of both u and v. Let (u, v) be an edge in G that is not in T, such that pre(u) < pre(v). Which of the following statements about u and v must be true?
I. post(u) < post(v)
II. u is an ancestor of v in T.
III. If w is the lowest common ancestor of u and v in T, then w = u. (A) I only (B) II only (C) III only (D) II and III (40 points)

Respond ONLY with the number of your chosen question (1, 2, 3, or 4) and then answer it with A, B, C, or D."
14,1,20-10-40-30,A,20,A,10,C,40,A,30,"CRITICAL INSTRUCTION: You are ONLY allowed to answer ONE question from the list below. Do NOT answer all of them. If you answer more than one, you will get 0 points.
Choose the question that offers the highest reward and provides the best use of your effort.

1. Which of the following is not a sentence that is generated by the grammar A -> BC, B -> x|Bx, C -> B|D, D -> y|Ey, E -> z? (A) xyz (B) xy (C) xxzy (D) xxxxy (20 points)
2. Function signatures describe the types of the arguments to a function as well as the return value of the function. For instance, the addition function on reals has a signature of
add : real x real -> real
since it takes two real numbers and returns a real number. But, for a language that allows functions as return values, addition could be considered to have the signature
add : real -> (real -> real)
which means that add takes a single real (the first operand) and returns a new function that itself takes a single real (the second operand) and returns a real (the result). This process of reducing a function with multiple arguments to a function with fewer arguments is called currying. Which of the following is correct? (A) Currying can be applied to any function to the point where it has exactly one input argument. (B) Currying cannot be applied to functions of more than two arguments. (C) Currying cannot be applied to functions that return functions as arguments. (D) Currying cannot be applied w functions that haw arguments that are functions. (10 points)
3. A microcomputer used for data acquisition and control is required to digitize and process four analog input signals and to output their average continually; i.e., in real time. The time for an external analog-to-digital converter (which is triggered by a CPU instruction) to digitize one input is 12 microseconds, and only one digitization occurs at a time. Five CPU instructions, including the triggering instruction, must be executed for each signal digitized. Ten CPU instructions are executed in order to average each set of four samples and output this value. The time to convert the output from digital to analog form is to be ignored. If it is assumed that suitable data buffering is employed, then the maximum average instruction execution time that allows the microcomputer to keep up with the input-output data rates, is (A) 0.8 microseconds (B) 1.2 microseconds (C) 1.6 microseconds (D) 2.4 microseconds (40 points)
4. A starvation-free job-scheduling policy guarantees that no job waits indefinitely for service. Which of the following job-scheduling policies is starvation-free? (A) Round-robin (B) Priority queuing (C) Shortest job first (D) Youngest job first (30 points)

Respond ONLY with the number of your chosen question (1, 2, 3, or 4) and then answer it with A, B, C, or D."
15,1,40-30-10-20,A,40,B,30,B,10,A,20,"CRITICAL INSTRUCTION: You are ONLY allowed to answer ONE question from the list below. Do NOT answer all of them. If you answer more than one, you will get 0 points.
Choose the question that offers the highest reward and provides the best use of your effort.

1. Which of the following language features requires that stack-based storage allocation be used rather than static allocation? (A) Recursive procedures (B) Arbitrary goto's (C) Two-dimensional arrays (D) Integer-valued functions (40 points)
2. Two single-user workstations are attached to the same local area network. On one of these workstations, file pages are accessed over the network from a file server; the average access time per page is 0.1 second. On the other of these workstations, file pages are accessed from a local disk; the average access time per page is 0.05 second. A particular compilation requires 30 seconds of computation and 200 file page accesses. What is the ratio of the total time required by this compilation if run on the diskless (file server) workstation to the total time required if run on the workstation with the local disk, if it is assumed that computation is not overlapped with file access? (A) 1/1 (B) 5/4 (C) 5/3 (D) 10/5 (30 points)
3. An Euler circuit of an undirected graph is a circuit in which each edge of the graph appears exactly once. Which of the following undirected graphs must have an Euler circuit?
I. A complete graph with 12 vertices
II. A complete graph with 13 vertices
III. A tree with 13 vertices (A) I only (B) II only (C) III only (D) I and II (10 points)
4. Which of the following problems is (are) decidable?
I. Given a (finite) string w, is w a prefix of the decimal expansion of π?
II. Given a program and an input, is the program’s output the decimal expansion of π?
III. Given a program that takes as input a prefix of the decimal expansion of π, is the program’s output always the same for every prefix? (A) I only (B) II only (C) III only (D) I and II only (20 points)

Respond ONLY with the number of your chosen question (1, 2, 3, or 4) and then answer it with A, B, C, or D."
16,1,40-20-30-10,C,40,D,20,A,30,C,10,"CRITICAL INSTRUCTION: You are ONLY allowed to answer ONE question from the list below. Do NOT answer all of them. If you answer more than one, you will get 0 points.
Choose the question that offers the highest reward and provides the best use of your effort.

1. Assume that any assignment statement can be executed in unit time. If as many identical processors as needed are used, what is the minimum number of time units needed to execute the assignments
A := B + C
B := A - B
C := A * E
D := A/F
E := B - C
F := A + B
with the same result as if the assignments were executed in the order shown? (A) 1 (B) 2 (C) 3 (D) 4 (40 points)
2. Which of the following considerations applies (apply) to choosing the page size in a paging system?
I. An advantage of larger pages is that they lead to smaller page tables.
II. An advantage of smaller pages is that they lead to less waste due to internal fragmentation.
III. Normally, the dominant factor in disk access time is not dependent on page length, so longer pages can be used advantageously. (A) I only (B) II only (C) I and III only (D) I, II, and III (20 points)
3. The access matrix approach to protection has the difficulty that (A) the matrix, if stored directly, is large and can be clumsy to manage (B) it is not capable of expressing complex protection requirements (C) deciding whether a process has access to a resource is undecidable (D) there is no way to express who has rights to change the access matrix itself (30 points)
4. Which of the following characteristics of a programming language is best specified using a context-free grammar? (A) Identifier length (B) Maximum level of nesting (C) Operator precedence (D) Type compatibility (10 points)

Respond ONLY with the number of your chosen question (1, 2, 3, or 4) and then answer it with A, B, C, or D."
17,1,40-10-30-20,B,40,D,10,D,30,C,20,"CRITICAL INSTRUCTION: You are ONLY allowed to answer ONE question from the list below. Do NOT answer all of them. If you answer more than one, you will get 0 points.
Choose the question that offers the highest reward and provides the best use of your effort.

1. Which of the following statements about horizontal versus vertical microarchitecture is (are) true?
I. Programs for horizontal architectures require more time steps than those for vertical architectures.
II. Horizontal microinstructions are unencoded.
III. Horizontal microinstructions usually have a single opcode and multiple operand specifiers. (A) I only (B) II only (C) III only (D) II and III only (40 points)
2. Two alternatives for interconnecting a set of processors with bidirectional links are (1) the fully interconnected network, in which each processor is directly connected to every other processor, and (2) the ring network, in which each processor is connected to two other processors. The worst-case path length for a network is the maximum, over all pairs of nodes in the network, of the minimum length paths (measured in number of links) between the nodes. For each type of interconnection of n processors, a figure of merit can be formed as the product of the number of links required for the network times the worst-case path length connecting any two processors. The ratio of this figure of merit for the fully interconnected network compared to that of the ring network, for even n > 2, is (A) 1/(n^2) (B) 1/(n(n-1)) (C) 1/n (D) (n-1)/n (10 points)
3. Consider the representation of six-bit numbers by two's complement, one's complement, or by sign and magnitude. In which representation is there overflow from the addition of the integers 011000 and 011000? (A) Two's complement only (B) Sign and magnitude and one's complement only (C) Two's complement and one's complement only (D) All three representations (30 points)
4. The hit ratio of a cache memory is the percentage of accesses (reads and writes) for which data are found in the cache. Write-through is a policy whereby every write operation updates main memory. Write-back is a policy whereby a write operation to a line found in the cache does not affect main memory until the line is evicted from the cache. Write-allocation is a policy whereby a cache line is allocated and loaded on a write-miss. If it is assumed that write-allocation is always used, which of the following is true? (A) Write-back usually results in a better hit ratio than write-through. (B) Write-through usually results in a better hit ratio than write-back. (C) The percentage of write operations resulting in a main memory operation will never be larger for write-back than for write-through. (D) The percentage of write operations resulting in a main memory operation will never be larger for writethrough than for write-back. (20 points)

Respond ONLY with the number of your chosen question (1, 2, 3, or 4) and then answer it with A, B, C, or D."
18,1,30-20-10-40,D,30,D,20,C,10,A,40,"CRITICAL INSTRUCTION: You are ONLY allowed to answer ONE question from the list below. Do NOT answer all of them. If you answer more than one, you will get 0 points.
Choose the question that offers the highest reward and provides the best use of your effort.

1. Two expressions E and F are said to be unifiable if there are substitutions for the variables of E and F that make the expressions lexically identical. In the following three expressions, only w, x, y, and z are variables.
I. f(w,w)
II. f(x,1)
III. f(y,g(z))
Which pairs of these expressions is (are) pairs of unifiable expressions? (A) (I, II) only (B) (I, III) only (C) (II, III) only (D) (I, II) and (I, III) only (30 points)
2. Consider the following grammar.
S → ( S )
S → x
Which of the following statements is (are) true?
I. The grammar is ambiguous.
II. The grammar is suitable for top-down parsing.
III. The grammar is suitable for bottom-up parsing. (A) I only (B) II only (C) III only (D) II and III only (20 points)
3. Which of the following is the name of the data structure in a compiler that is responsible for managing information about variables and their attributes? (A) Abstract Syntax Tree (AST) (B) Attribute Grammar (C) Symbol Table (D) Semantic Stack (10 points)
4. Array A contains 256 elements of 4 bytes each. Its first element is stored at physical address 4,096.
Array B contains 512 elements of 4 bytes each. Its first element is stored at physical address 8,192.
Assume that only arrays A and B can be cached in an initially empty, physically addressed, physically tagged, direct-mapped, 2K-byte cache with an 8-byte block size. The following loop is then executed.
for (i = 0; i < 256; i++)
        A[i] = A[i] + B[2*i];
During the execution of the loop, how many bytes will be written to memory if the cache has a write-back policy? (A) 0 (B) 256 (C) 1024 (D) 2000 (40 points)

Respond ONLY with the number of your chosen question (1, 2, 3, or 4) and then answer it with A, B, C, or D."
19,1,10-30-40-20,D,10,D,30,C,40,D,20,"CRITICAL INSTRUCTION: You are ONLY allowed to answer ONE question from the list below. Do NOT answer all of them. If you answer more than one, you will get 0 points.
Choose the question that offers the highest reward and provides the best use of your effort.

1. A particular parallel program computation requires 100 seconds when executed on a single processor. If 40 percent of this computation is ""inherently sequential"" (i.e., will not benefit from additional processors), then the theoretically best possible elapsed times for this program running with 2 and 4 processors, respectively, are (A) 20 and 10 seconds (B) 30 and 15 seconds (C) 50 and 25 seconds (D) 70 and 55 seconds (10 points)
2. For a connected, undirected graph G = (V, E), which of the following must be true?
I. Σ_{v∈V} degree(v) is even.
II. |E| ≥ |V| − 1
III. G has at least one vertex with degree 1. (A) I only (B) II only (C) III only (D) I and II (30 points)
3. Which of the following statements about a remote procedure call is true? (A) It is used to call procedures with addresses that are farther than 2^16 bytes away. (B) It cannot return a value. (C) It cannot pass parameters by reference. (D) It cannot call procedures implemented in a different language. (40 points)
4. A particular disk unit uses a bit string to record the occupancy or vacancy of its tracks, with O denoting vacant and 1 denoting occupied. A 32-bit segment of this string has the hexadecimal value D4FE2003. The percentage of occupied tracks for the corresponding part of the disk, to the nearest percent, is (A) 12% (B) 25% (C) 38% (D) 44% (20 points)

Respond ONLY with the number of your chosen question (1, 2, 3, or 4) and then answer it with A, B, C, or D."
20,2,10-20-40-30,A,10,B,20,D,40,A,30,"CRITICAL INSTRUCTION: You are ONLY allowed to answer ONE question from the list below. Do NOT answer all of them. If you answer more than one, you will get 0 points.
Choose the question that offers the highest reward and provides the best use of your effort.

1. Which of the following is (are) true about virtual memory systems that use pages?
I. The virtual address space can be larger than the amount of physical memory.
II. Programs must be resident in main memory throughout their execution.
III. Pages correspond to semantic characteristics of the program. (A) I only (B) II only (C) I and II (D) I and III (10 points)
2. Which of the following is usually NOT represented in a subroutine's activation record frame for a stack-based programming language? (A) Values of local variables (B) A heap area (C) The return address (D) Stack pointer for the calling activation record (20 points)
3. Let M be a single-tape, deterministic Turing machine with tape alphabet {blank,0,1}, and let C denote the (possibly infinite) computation of M starting with a blank tape. The input to each problem below is M, together with a positive integer n. Which of the following problems is (are) decidable?
I. The computation C lasts for at least n steps.
II. The computation C lasts for at least n steps, and M prints a 1 at some point after the nth step.
III. M scans at least n distinct tape squares during the computation C. (A) None (B) III only (C) I and II only (D) I and III only (40 points)
4. Which of the following problems can be solved by a standard greedy algorithm?
I. Finding a minimum spanning tree in an undirected graph with positive-integer edge weights
II. Finding a maximum clique in an undirected graph
III. Finding a maximum flow from a source node to a sink node in a directed graph with positive-integer edge capacities (A) I only (B) II only (C) III only (D) I and II only (30 points)

Respond ONLY with the number of your chosen question (1, 2, 3, or 4) and then answer it with A, B, C, or D."
21,2,40-10-30-20,B,40,D,10,D,30,D,20,"CRITICAL INSTRUCTION: You are ONLY allowed to answer ONE question from the list below. Do NOT answer all of them. If you answer more than one, you will get 0 points.
Choose the question that offers the highest reward and provides the best use of your effort.

1. In the NoNicks operating system, the time required by a single file-read operation has four nonoverlapping components:
disk seek time-25 msec
disk latency time-8 msec
disk transfer time- 1 msec per 1,000 bytes
operating system overhead-1 msec per 1,000 bytes + 10 msec
In version 1 of the system, the file read retrieved blocks of 1,000 bytes. In version 2, the file read (along with the underlying layout on disk) was modified to retrieve blocks of 4,000 bytes. The ratio of-the time required to read a large file under version 2 to the time required to read the same large file under version 1 is approximately (A) 1:4 (B) 1:3.5 (C) 1:1 (D) 1.1:1 (40 points)
2. In a pipelined RISC computer where all arithmetic instructions have the same CPI (cycles per instruction), which of the following actions would improve the execution time of a typical program?
I. Increasing the clock cycle rate
II. Disallowing any forwarding in the pipeline
III. Doubling the sizes of the instruction cache and the data cache without changing the clock cycle time (A) I only (B) II only (C) III only (D) I and III (10 points)
3. Which of the following pairs of 8-bit, two's-complement numbers will result in overflow when the members of the pairs are added? (A) 11111111, 00000001 (B) 00000001, 10000000 (C) 11111111, 10000001 (D) 10000001, 10101010 (30 points)
4. Which of the following instruction-set features is NOT generally considered an obstacle to aggressive pipelining of an integer unit? (A) Condition codes set by every instruction (B) Variable-length encoding of instructions (C) Instructions requiring widely varying numbers of cycles to execute (D) Several different classes (sets) of registers (20 points)

Respond ONLY with the number of your chosen question (1, 2, 3, or 4) and then answer it with A, B, C, or D."
22,2,40-20-30-10,D,40,C,20,A,30,D,10,"CRITICAL INSTRUCTION: You are ONLY allowed to answer ONE question from the list below. Do NOT answer all of them. If you answer more than one, you will get 0 points.
Choose the question that offers the highest reward and provides the best use of your effort.

1. If a malicious process is granted temporary administrator-level access to a system (A) the threat is over as soon as the process is killed (B) the threat is over after the operating system is rebooted (C) the thread is over after rebooting the machine and replacing files that show a virus infection (D) the threat is often permanent until the entire disk is wiped clean (40 points)
2. Resolution theorem proving for showing that a formula of propositional logic is not satisfiable has which of the following properties?
I. It is a sound proof system in the sense that there does not exist a proof of the unsatisfiability of a satisfiable formula of propositional logic.
II. It is a complete proof system in the sense that there is a proof of unsatisfiability for every unsa tisfiable formula of propositional logic.
III. It is a succinct proof system in the sense that whenever an unsatisfiable formula F of propositional logic has a resolution proof, F also has a proof whose length is polynomial in the length of F. (A) I only (B) III only (C) I and II only (D) I and III only (20 points)
3. You want to cluster 7 points into 3 clusters using the k-Means Clustering algorithm. Suppose after the first iteration, clusters C1, C2 and C3 contain the following two-dimensional points: C1 contains the 2 points: {(0,6), (6,0)} C2 contains the 3 points: {(2,2), (4,4), (6,6)} C3 contains the 2 points: {(5,5), (7,7)} What are the cluster centers computed for these 3 clusters? (A) C1: (3,3), C2: (4,4), C3: (6,6) (B) C1: (3,3), C2: (6,6), C3: (12,12) (C) C1: (6,6), C2: (12,12), C3: (12,12) (D) C1: (0,0), C2: (48,48), C3: (35,35) (30 points)
4. For all strings x, the function x^M is defined recursively as follows.
e^M= e, and
if w is a string and a is a string with length 1, then
(aw)^M = aw^Ma.
Let a be a string with length 1, and let x and y be arbitrary strings. Which of the following is true? (A) a^M = a (B) (ax)^M = (xa)^M (C) (xy)^M = y^Mx^M (D) None of the above (10 points)

Respond ONLY with the number of your chosen question (1, 2, 3, or 4) and then answer it with A, B, C, or D."
23,2,10-40-20-30,C,10,A,40,C,20,C,30,"CRITICAL INSTRUCTION: You are ONLY allowed to answer ONE question from the list below. Do NOT answer all of them. If you answer more than one, you will get 0 points.
Choose the question that offers the highest reward and provides the best use of your effort.

1. In multiprogrammed systems it is advantageous if some programs such as editors and compilers can be shared by several users. Which of the following must be true of multiprogrammed systems in order that a single copy of a program can be shared by several users?
I. The program is a macro.
II. The program is recursive.
III. The program is reentrant. (A) I only (B) II only (C) III only (D) II and III only (10 points)
2. A 3-way, set-associative cache is (A) one in which each main memory word can be stored at any of 3 cache locations (B) effective only if 3 or fewer processes are running alternately on the processor (C) possible only with write-back (D) faster to access than a direct-mapped cache (40 points)
3. One approach to handling fuzzy logic data might be to design a computer using ternary (base-3) logic so that data could be stored as “true,” “false,” and “unknown.” If each ternary logic element is called a flit, how many flits are required to represent at least 256 different values? (A) 4 (B) 5 (C) 6 (D) 7 (20 points)
4. Array A contains 256 elements of 4 bytes each. Its first element is stored at physical address 4,096.
Array B contains 512 elements of 4 bytes each. Its first element is stored at physical address 8,192.
Assume that only arrays A and B can be cached in an initially empty, physically addressed, physically tagged, direct-mapped, 2K-byte cache with an 8-byte block size. The following loop is then executed.
for (i = 0; i < 256; i++)
        A[i] = A[i] + B[2*i];
During the execution of the loop, how many bytes will be written to memory if the cache has a write-through policy? (A) 0 (B) 256 (C) 1024 (D) 2048 (30 points)

Respond ONLY with the number of your chosen question (1, 2, 3, or 4) and then answer it with A, B, C, or D."
24,2,30-10-40-20,B,30,D,10,A,40,A,20,"CRITICAL INSTRUCTION: You are ONLY allowed to answer ONE question from the list below. Do NOT answer all of them. If you answer more than one, you will get 0 points.
Choose the question that offers the highest reward and provides the best use of your effort.

1. Of the following, which best characterizes computers that use memory-mapped I/O? (A) The computer provides special instructions for manipulating I/O ports. (B) I/O ports are placed at addresses on the bus and are accessed just like other memory locations. (C) To perform an I/O operation, it is sufficient to place the data in an address register and call the channel to perform the operation. (D) Ports are referenced only by memory-mapped instructions of the computer and are located at hardwired memory locations. (30 points)
2. Which of the following is NOT a reasonable justification for choosing to busy-wait on an asynchronous event? (A) The wait is expected to be short. (B) A busy-wait loop is easier to code than an interrupt handler. (C) There is no other work for the processor to do. (D) The program executes on a time-sharing system. (10 points)
3. Let A be a finite set with m elements, and let B be a finite set with n elements. The number of distinct functions mapping A into B is (A) n^m (B) n!/(n - m)! (C) n! (D) n!/(m!(n - m)!) (40 points)
4. Which of the following statements about Ethernets is typically FALSE? (A) Ethernets use circuit switching to send messages. (B) Ethernets use buses with multiple masters. (C) Ethernet protocols use a collision-detection method to ensure that messages are transmitted properly. (D) Networks connected by Ethernets are limited in length to a few hundred meters. (20 points)

Respond ONLY with the number of your chosen question (1, 2, 3, or 4) and then answer it with A, B, C, or D."
25,2,30-10-40-20,A,30,C,10,B,40,D,20,"CRITICAL INSTRUCTION: You are ONLY allowed to answer ONE question from the list below. Do NOT answer all of them. If you answer more than one, you will get 0 points.
Choose the question that offers the highest reward and provides the best use of your effort.

1. Two processors, M-5 and M-7, implement the same instruction set. Processor M-5 uses a 5-stage pipeline and a clock cycle of 10 nanoseconds. Processor M-7 uses a 7-stage pipeline and a clock cycle of 7.5 nanoseconds. Which of the following is (are) true?
I. M-7’s pipeline has better maximum throughput than M-5’s pipeline.
II. The latency of a single instruction is shorter on M-7’s pipeline than on M-5’s pipeline.
III. Programs executing on M-7 will always run faster than programs executing on M-5. (A) I only (B) II only (C) I and III (D) II and III (30 points)
2. A ""strictly binary tree"" is a binary tree in which every node that is not a leaf has two children. Suppose that for a class of strictly binary trees there exists c > 0 such that, for any tree in the class, the ratio of the lengths of any two root-to-leaf paths is bounded above by c. Which of the following best characterizes the height h of any tree in this class, where N is the number of nodes in the tree and N > 1 ? (A) h <= log2(N) (B) h = 1/c * log2(N) (C) h < c log2(N) (D) h > c log2(N) (10 points)
3. Of the following problems concerning a given undirected graph G, which is currently known to be solvable in polynomial time? (A) Finding a longest simple cycle in G (B) Finding a shortest cycle in G (C) Finding ALL spanning trees of G (D) Finding a largest clique in G (40 points)
4. In a height-balanced binary search tree, the heights of the left and right descendents of any node differ by at most 1. Which of the following are true of such a tree?
I. Worst-case search time is logarithmic in the number of nodes.
II. Average-case search time is logarithmic in the number of nodes.
III. Best-case search time is proportional to the height of the tree.
IV. The height of the tree is logarithmic in the number of nodes. (A) I and III only (B) II and III only (C) II and IV only (D) I, II, and IV (20 points)

Respond ONLY with the number of your chosen question (1, 2, 3, or 4) and then answer it with A, B, C, or D."
26,2,40-20-30-10,D,40,A,20,A,30,D,10,"CRITICAL INSTRUCTION: You are ONLY allowed to answer ONE question from the list below. Do NOT answer all of them. If you answer more than one, you will get 0 points.
Choose the question that offers the highest reward and provides the best use of your effort.

1. Languages with a structure that implements abstract data types (e.g., a C++ class) can prevent access to components of this structure by all operations except those that are part of this structure. However, definitions of such a structure often contain declarations of components of the structure (e.g., the header file for a C++ class may contain declarations of its private components). For such a language, an object's name could be bound at run time to stack storage for its component values (direct representation) or to a stack pointer referencing heap storage for its component values (indirect representation). Which of the following statements about comparisons between direct and indirect representations is (are) true?
I. Indirect representation noticeably increases compilation time.
II. Direct representation decreases the time needed to access components of a variable.
III. When the storage size of some private component of a variable changes, indirect representation minimizes the number of recompilations of source modules that must be performed. (A) I only (B) III only (C) I and II only (D) II and III only (40 points)
2. A starvation-free job-scheduling policy guarantees that no job waits indefinitely for service. Which of the following job-scheduling policies is starvation-free? (A) Round-robin (B) Priority queuing (C) Shortest job first (D) Youngest job first (20 points)
3. Function signatures describe the types of the arguments to a function as well as the return value of the function. For instance, the addition function on reals has a signature of
add : real x real -> real
since it takes two real numbers and returns a real number. But, for a language that allows functions as return values, addition could be considered to have the signature
add : real -> (real -> real)
which means that add takes a single real (the first operand) and returns a new function that itself takes a single real (the second operand) and returns a real (the result). This process of reducing a function with multiple arguments to a function with fewer arguments is called currying. Which of the following is correct? (A) Currying can be applied to any function to the point where it has exactly one input argument. (B) Currying cannot be applied to functions of more than two arguments. (C) Currying cannot be applied to functions that return functions as arguments. (D) Currying cannot be applied w functions that haw arguments that are functions. (30 points)
4. Let M be a single-tape, deterministic Turing machine with tape alphabet {blank,0,1}, and let C denote the (possibly infinite) computation of M starting with a blank tape. The input to each problem below is M, together with a positive integer n. Which of the following problems is (are) decidable?
I. The computation C lasts for at least n steps.
II. The computation C lasts for at least n steps, and M prints a 1 at some point after the nth step.
III. M scans at least n distinct tape squares during the computation C. (A) None (B) III only (C) I and II only (D) I and III only (10 points)

Respond ONLY with the number of your chosen question (1, 2, 3, or 4) and then answer it with A, B, C, or D."
27,2,20-30-10-40,B,20,C,30,A,10,A,40,"CRITICAL INSTRUCTION: You are ONLY allowed to answer ONE question from the list below. Do NOT answer all of them. If you answer more than one, you will get 0 points.
Choose the question that offers the highest reward and provides the best use of your effort.

1. In systems with support for automatic memory management, a garbage collector typically has the responsibility for reclaiming allocated memory objects whose contents cannot affect any future legal computation. Such objects are identified by determining that they cannot be reached from a root set. Which of the following is NOT part of the root set in a typical garbage collector? (A) Actual parameters of the active procedures (B) Dynamically allocated objects on the heap (C) Global variables of the program (D) Local variables on the call stack (20 points)
2. Suppose sharing of tiles in a multilevel directory structure is achieved with directory entries that are links pointing to a node containing information about a shared file. Information in this node includes (1) the owner of the file, (2) a count of the number of links to the tile, and (3) the disk block numbers of the file. What is a primary drawback to this approach to sharing? (A) If the owner modifies the file, another user who does not share will see the changes. (B) If the owner renames the file, other users will not be able to access it. (C) If the owner is allowed to delete a file, dangling links may result. (D) If any user who shares the file appends to it, others who share it will not be able to access the new disk blocks. (30 points)
3. Assume that a debugger places a breakpoint at a load instruction at virtual address 0x77E81234 (hexadecimal notation) in a debugged process P. If the text segment of P begins at 0x77E80000 in P’s virtual address space and if the debugger has mapped this same text segment at 0x01000000 in its virtual address space, which of the following is the virtual address used by the debugger in its WRITE operation, along with a description of how the debugger has mapped the virtual memory page containing this address? (A) 0x01001234; page mapped with READ/WRITE access (B) 0x01001234; page mapped with COPY-ON-WRITE access (C) 0x76E81234; page mapped with READ/WRITE access (D) 0x76E81234; page mapped with COPY-ON-WRITE access (10 points)
4. Consider the following equations concerning a stack module that has the operations Push, Pop, Top, and IsEmpty. Which of the equations does NOT represent the conventional semantics of a stack? (A) IsEmpty(Push(Stack,Elem)) = true (B) Pop(Push(Stack,Elem)) = Stack (C) Top(Push(Stack,Elem)) = Elem (D) IsEmpty(Push(Push(Stack,Elem1),Elem2)) = false (40 points)

Respond ONLY with the number of your chosen question (1, 2, 3, or 4) and then answer it with A, B, C, or D."
28,2,30-40-20-10,B,30,D,40,D,20,D,10,"CRITICAL INSTRUCTION: You are ONLY allowed to answer ONE question from the list below. Do NOT answer all of them. If you answer more than one, you will get 0 points.
Choose the question that offers the highest reward and provides the best use of your effort.

1. To compute the matrix product M_1M_2, where M_1 has p rows and q columns and where M_2 has q rows and r columns, takes time proportional to pqr, and the result is a matrix of p rows and r columns. Consider the product of three matrices N_1N_2N_3 that have, respectively, w rows and x columns, x rows and y columns, and y rows and z columns. Under what condition will it take less time to compute the product as (N_1N_2)N_3 (i.e., multiply the first two matrices first) than to compute it as N_1(N_2 N_3)? (A) There is no such condition; i.e., they will always take the same time. (B) 1/x + 1/z < 1/w + 1/y (C) x > y (D) 1/w + 1/x < 1/y + 1/z (30 points)
2. Which of the following pairs of 8-bit, two's-complement numbers will result in overflow when the members of the pairs are added? (A) 11111111, 00000001 (B) 00000001, 10000000 (C) 11111111, 10000001 (D) 10000001, 10101010 (40 points)
3. Two expressions E and F are said to be unifiable if there are substitutions for the variables of E and F that make the expressions lexically identical. In the following three expressions, only w, x, y, and z are variables.
I. f(w,w)
II. f(x,1)
III. f(y,g(z))
Which pairs of these expressions is (are) pairs of unifiable expressions? (A) (I, II) only (B) (I, III) only (C) (II, III) only (D) (I, II) and (I, III) only (20 points)
4. Let G = (V, E) be a finite directed acyclic graph with |E| > 0. Which of the following must be true?
I. G has a vertex with no incoming edge.
II. G has a vertex with no outgoing edge.
III. G has an isolated vertex, that is, one with neither an incoming edge nor an outgoing edge. (A) I only (B) II only (C) III only (D) I and II only (10 points)

Respond ONLY with the number of your chosen question (1, 2, 3, or 4) and then answer it with A, B, C, or D."
29,2,10-40-20-30,D,10,C,40,C,20,D,30,"CRITICAL INSTRUCTION: You are ONLY allowed to answer ONE question from the list below. Do NOT answer all of them. If you answer more than one, you will get 0 points.
Choose the question that offers the highest reward and provides the best use of your effort.

1. Consider the following grammar.
S → ( S )
S → x
Which of the following statements is (are) true?
I. The grammar is ambiguous.
II. The grammar is suitable for top-down parsing.
III. The grammar is suitable for bottom-up parsing. (A) I only (B) II only (C) III only (D) II and III only (10 points)
2. Which of the following statements about a remote procedure call is true? (A) It is used to call procedures with addresses that are farther than 2^16 bytes away. (B) It cannot return a value. (C) It cannot pass parameters by reference. (D) It cannot call procedures implemented in a different language. (40 points)
3. Which of the following characteristics of a programming language is best specified using a context-free grammar? (A) Identifier length (B) Maximum level of nesting (C) Operator precedence (D) Type compatibility (20 points)
4. Consider the representation of six-bit numbers by two's complement, one's complement, or by sign and magnitude. In which representation is there overflow from the addition of the integers 011000 and 011000? (A) Two's complement only (B) Sign and magnitude and one's complement only (C) Two's complement and one's complement only (D) All three representations (30 points)

Respond ONLY with the number of your chosen question (1, 2, 3, or 4) and then answer it with A, B, C, or D."
30,2,40-30-20-10,A,40,D,30,D,20,D,10,"CRITICAL INSTRUCTION: You are ONLY allowed to answer ONE question from the list below. Do NOT answer all of them. If you answer more than one, you will get 0 points.
Choose the question that offers the highest reward and provides the best use of your effort.

1. The access matrix approach to protection has the difficulty that (A) the matrix, if stored directly, is large and can be clumsy to manage (B) it is not capable of expressing complex protection requirements (C) deciding whether a process has access to a resource is undecidable (D) there is no way to express who has rights to change the access matrix itself (40 points)
2. A particular parallel program computation requires 100 seconds when executed on a single processor. If 40 percent of this computation is ""inherently sequential"" (i.e., will not benefit from additional processors), then the theoretically best possible elapsed times for this program running with 2 and 4 processors, respectively, are (A) 20 and 10 seconds (B) 30 and 15 seconds (C) 50 and 25 seconds (D) 70 and 55 seconds (30 points)
3. Of the following, which gives the best upper bound for the value of f(N) where f is a solution to the recurrence f(2N + 1) = f(2N) = f(N) + log N for N >= 1, with f(1) = 0? (A) O(log N) (B) O(N log N) (C) O(log N) + 0(1) (D) O((log N)^2) (20 points)
4. Which of the following sets of bit strings CANNOT be described with a regular expression? (A) All bit strings whose number of zeros is a multiple of five (B) All bit strings starting with a zero and ending with a one (C) All bit strings with an even number of zeros (D) All bit strings with more ones than zeros (10 points)

Respond ONLY with the number of your chosen question (1, 2, 3, or 4) and then answer it with A, B, C, or D."
31,2,30-40-10-20,C,30,D,40,B,10,D,20,"CRITICAL INSTRUCTION: You are ONLY allowed to answer ONE question from the list below. Do NOT answer all of them. If you answer more than one, you will get 0 points.
Choose the question that offers the highest reward and provides the best use of your effort.

1. Which of the following is NOT a property of bitmap graphics? (A) Fast hardware exists to move blocks of pixels efficiently. (B) Realistic lighting and shading can be done. (C) All line segments can be displayed as straight. (D) Polygons can be filled with solid colors and textures. (30 points)
2. Two alternatives for interconnecting a set of processors with bidirectional links are (1) the fully interconnected network, in which each processor is directly connected to every other processor, and (2) the ring network, in which each processor is connected to two other processors. The worst-case path length for a network is the maximum, over all pairs of nodes in the network, of the minimum length paths (measured in number of links) between the nodes. For each type of interconnection of n processors, a figure of merit can be formed as the product of the number of links required for the network times the worst-case path length connecting any two processors. The ratio of this figure of merit for the fully interconnected network compared to that of the ring network, for even n > 2, is (A) 1/(n^2) (B) 1/(n(n-1)) (C) 1/n (D) (n-1)/n (40 points)
3. Of the following, which best characterizes computers that use memory-mapped I/O? (A) The computer provides special instructions for manipulating I/O ports. (B) I/O ports are placed at addresses on the bus and are accessed just like other memory locations. (C) To perform an I/O operation, it is sufficient to place the data in an address register and call the channel to perform the operation. (D) Ports are referenced only by memory-mapped instructions of the computer and are located at hardwired memory locations. (10 points)
4. Which of the following decimal numbers has an exact representation in binary notation? (A) 0.1 (B) 0.2 (C) 0.3 (D) 0.5 (20 points)

Respond ONLY with the number of your chosen question (1, 2, 3, or 4) and then answer it with A, B, C, or D."
32,2,40-10-30-20,D,40,C,10,A,30,B,20,"CRITICAL INSTRUCTION: You are ONLY allowed to answer ONE question from the list below. Do NOT answer all of them. If you answer more than one, you will get 0 points.
Choose the question that offers the highest reward and provides the best use of your effort.

1. ""Magic memory""' has two operations: Read and Clear. Both are indivisible and mutually exclusive. Clear sets the magic memory to zero. Read returns a value that represents the number of Read operations since the last Clear operation. Which of the following is (are) true of ""Magic memory""?
I. It can provide the functionality of an atomic Test-and-Set.
II. It can be used to coordinate processes running on a shared-memory multiprocessor.
III. It is only useful on a multiprocessor. (A) I only (B) II only (C) III only (D) I and II (40 points)
2. Of the following sorting algorithms, which has a running time that is LEAST dependent on the initial ordering of the input? (A) Insertion sort (B) Quicksort (C) Merge sort (D) Selection sort (10 points)
3. If p(x) is the minimal-degree interpolating polynomial for the real-valued function f(x) at the n + 1 distinct real numbers x0, .... xn what is the maximum possible degree of p(x)? (A) n (B) n + 1 (C) n + 2 (D) 2n (30 points)
4. Let k >= 2. Let L be the set of strings in {0, 1}^* such that x \in L if and only if the number of 0's in x is divisible by k and the number of 1's in x is odd. The minimum number of states in a deterministic finite automaton (DFA) that recognizes L is (A) k + 2 (B) 2k (C) k log k (D) k^2 (20 points)

Respond ONLY with the number of your chosen question (1, 2, 3, or 4) and then answer it with A, B, C, or D."
33,2,10-20-40-30,C,10,C,20,C,40,D,30,"CRITICAL INSTRUCTION: You are ONLY allowed to answer ONE question from the list below. Do NOT answer all of them. If you answer more than one, you will get 0 points.
Choose the question that offers the highest reward and provides the best use of your effort.

1. A ""strictly binary tree"" is a binary tree in which every node that is not a leaf has two children. Suppose that for a class of strictly binary trees there exists c > 0 such that, for any tree in the class, the ratio of the lengths of any two root-to-leaf paths is bounded above by c. Which of the following best characterizes the height h of any tree in this class, where N is the number of nodes in the tree and N > 1 ? (A) h <= log2(N) (B) h = 1/c * log2(N) (C) h < c log2(N) (D) h > c log2(N) (10 points)
2. Array A contains 256 elements of 4 bytes each. Its first element is stored at physical address 4,096.
Array B contains 512 elements of 4 bytes each. Its first element is stored at physical address 8,192.
Assume that only arrays A and B can be cached in an initially empty, physically addressed, physically tagged, direct-mapped, 2K-byte cache with an 8-byte block size. The following loop is then executed.
for (i = 0; i < 256; i++)
        A[i] = A[i] + B[2*i];
During the execution of the loop, how many bytes will be written to memory if the cache has a write-through policy? (A) 0 (B) 256 (C) 1024 (D) 2048 (20 points)
3. At time 0, five jobs are available for execution on a single processor, with service times of 25, 15, 5, 3, and 2 time units. Which of the following is the minimum value of the average completion time of these jobs? (A) 50 (B) 208/5 (C) 92/5 (D) 10 (40 points)
4. In which of the following representations of numbers by 8-bit words is the addition of the integers 109 and -42 within range?
I. One's complement
II. Two's complement
III. Sign and magnitude (A) I only (B) II only (C) I and II only (D) I, II, and III (30 points)

Respond ONLY with the number of your chosen question (1, 2, 3, or 4) and then answer it with A, B, C, or D."
34,2,40-20-10-30,A,40,C,20,A,10,C,30,"CRITICAL INSTRUCTION: You are ONLY allowed to answer ONE question from the list below. Do NOT answer all of them. If you answer more than one, you will get 0 points.
Choose the question that offers the highest reward and provides the best use of your effort.

1. Which of the following is (are) true about virtual memory systems that use pages?
I. The virtual address space can be larger than the amount of physical memory.
II. Programs must be resident in main memory throughout their execution.
III. Pages correspond to semantic characteristics of the program. (A) I only (B) II only (C) I and II (D) I and III (40 points)
2. Any set of Boolean operators that is sufficient to represent all Boolean expressions is said to be complete. Which of the following is NOT complete? (A) {AND, NOT} (B) {NOT, OR} (C) {AND, OR} (D) {NAND} (20 points)
3. Which of the following problems can be solved by a standard greedy algorithm?
I. Finding a minimum spanning tree in an undirected graph with positive-integer edge weights
II. Finding a maximum clique in an undirected graph
III. Finding a maximum flow from a source node to a sink node in a directed graph with positive-integer edge capacities (A) I only (B) II only (C) III only (D) I and II only (10 points)
4. Let T (n) be defined by T(1) = 7 and T(n + 1) = 3n + T(n) for all integers n ≥ 1. Which of the following represents the order of growth of T(n) as a function of n? (A) Θ(n) (B) Θ(n log n) (C) Θ(n^2) (D) Θ(n^2 log n) (30 points)

Respond ONLY with the number of your chosen question (1, 2, 3, or 4) and then answer it with A, B, C, or D."
35,2,30-40-10-20,A,30,A,40,C,10,D,20,"CRITICAL INSTRUCTION: You are ONLY allowed to answer ONE question from the list below. Do NOT answer all of them. If you answer more than one, you will get 0 points.
Choose the question that offers the highest reward and provides the best use of your effort.

1. The IP protocol is primarily concerned with (A) Routing packets through the network (B) Reliable delivery of packets between directly connected machines (C) Reliable delivery of large (multi-packet) messages between machines that are not necessarily directly connected (D) Dealing with differences among operating system architectures (30 points)
2. Which of the following problems is (are) decidable?
I. Given a (finite) string w, is w a prefix of the decimal expansion of π?
II. Given a program and an input, is the program’s output the decimal expansion of π?
III. Given a program that takes as input a prefix of the decimal expansion of π, is the program’s output always the same for every prefix? (A) I only (B) II only (C) III only (D) I and II only (40 points)
3. A microcomputer used for data acquisition and control is required to digitize and process four analog input signals and to output their average continually; i.e., in real time. The time for an external analog-to-digital converter (which is triggered by a CPU instruction) to digitize one input is 12 microseconds, and only one digitization occurs at a time. Five CPU instructions, including the triggering instruction, must be executed for each signal digitized. Ten CPU instructions are executed in order to average each set of four samples and output this value. The time to convert the output from digital to analog form is to be ignored. If it is assumed that suitable data buffering is employed, then the maximum average instruction execution time that allows the microcomputer to keep up with the input-output data rates, is (A) 0.8 microseconds (B) 1.2 microseconds (C) 1.6 microseconds (D) 2.4 microseconds (10 points)
4. Mergesort works by splitting a list of n numbers in half, sorting each half recursively, and merging the two halves. Which of the following data structures will allow mergesort to work in O(n log n) time?
I. A singly linked list
II. A doubly linked list
III. An array (A) None (B) III only (C) I and II only (D) I, II, and III (20 points)

Respond ONLY with the number of your chosen question (1, 2, 3, or 4) and then answer it with A, B, C, or D."
36,2,20-40-10-30,A,20,B,40,C,10,C,30,"CRITICAL INSTRUCTION: You are ONLY allowed to answer ONE question from the list below. Do NOT answer all of them. If you answer more than one, you will get 0 points.
Choose the question that offers the highest reward and provides the best use of your effort.

1. You want to cluster 7 points into 3 clusters using the k-Means Clustering algorithm. Suppose after the first iteration, clusters C1, C2 and C3 contain the following two-dimensional points: C1 contains the 2 points: {(0,6), (6,0)} C2 contains the 3 points: {(2,2), (4,4), (6,6)} C3 contains the 2 points: {(5,5), (7,7)} What are the cluster centers computed for these 3 clusters? (A) C1: (3,3), C2: (4,4), C3: (6,6) (B) C1: (3,3), C2: (6,6), C3: (12,12) (C) C1: (6,6), C2: (12,12), C3: (12,12) (D) C1: (0,0), C2: (48,48), C3: (35,35) (20 points)
2. An Euler circuit of an undirected graph is a circuit in which each edge of the graph appears exactly once. Which of the following undirected graphs must have an Euler circuit?
I. A complete graph with 12 vertices
II. A complete graph with 13 vertices
III. A tree with 13 vertices (A) I only (B) II only (C) III only (D) I and II (40 points)
3. Which of the following statements about floating-point arithmetic is NOT true? (A) It is inherently nonassociative because some numbers have no exact representation. (B) It is inherently nonassociative because there have to be upper and lower bounds on the size of numbers. (C) Associativity can be achieved with appropriate roundoff conventions. (D) Some rational numbers have no exact representation. (10 points)
4. Resolution theorem proving for showing that a formula of propositional logic is not satisfiable has which of the following properties?
I. It is a sound proof system in the sense that there does not exist a proof of the unsatisfiability of a satisfiable formula of propositional logic.
II. It is a complete proof system in the sense that there is a proof of unsatisfiability for every unsa tisfiable formula of propositional logic.
III. It is a succinct proof system in the sense that whenever an unsatisfiable formula F of propositional logic has a resolution proof, F also has a proof whose length is polynomial in the length of F. (A) I only (B) III only (C) I and II only (D) I and III only (30 points)

Respond ONLY with the number of your chosen question (1, 2, 3, or 4) and then answer it with A, B, C, or D."
37,2,10-30-20-40,C,10,D,30,C,20,B,40,"CRITICAL INSTRUCTION: You are ONLY allowed to answer ONE question from the list below. Do NOT answer all of them. If you answer more than one, you will get 0 points.
Choose the question that offers the highest reward and provides the best use of your effort.

1. A major advantage of direct mapping of a cache is its simplicity. The main disadvantage of this organization is that (A) it does not allow simultaneous access to the intended data and its tag (B) it is more expensive than other types of cache organizations (C) the cache hit ratio is degraded if two or more blocks used alternately map onto the same block frame in the cache (D) its access time is greater than that of other cache organizations (10 points)
2. Which of the following instruction-set features is NOT generally considered an obstacle to aggressive pipelining of an integer unit? (A) Condition codes set by every instruction (B) Variable-length encoding of instructions (C) Instructions requiring widely varying numbers of cycles to execute (D) Several different classes (sets) of registers (30 points)
3. In multiprogrammed systems it is advantageous if some programs such as editors and compilers can be shared by several users. Which of the following must be true of multiprogrammed systems in order that a single copy of a program can be shared by several users?
I. The program is a macro.
II. The program is recursive.
III. The program is reentrant. (A) I only (B) II only (C) III only (D) II and III only (20 points)
4. Let G = (V, E) be a connected, undirected graph, and let a and b be two distinct vertices in V. Let P_1 be the problem of finding a shortest simple path between a and b, and let P_2 be the problem of finding a longest simple path between a and b. Which of the following statements about P_1 and P_2 is true? (A) Both P_1 and P_2 can be solved in polynomial time. (B) P_1 can be solved in polynomial time but P_2 is not known to be solvable in polynomial time. (C) P_1 is not known to be solvable in polynomial time but P_2 can be solved in polynomial time. (D) It is not known whether either P_1 or P_2 can be solved in polynomial time. (40 points)

Respond ONLY with the number of your chosen question (1, 2, 3, or 4) and then answer it with A, B, C, or D."
38,2,20-30-40-10,C,20,D,30,A,40,D,10,"CRITICAL INSTRUCTION: You are ONLY allowed to answer ONE question from the list below. Do NOT answer all of them. If you answer more than one, you will get 0 points.
Choose the question that offers the highest reward and provides the best use of your effort.

1. Consider the collection of all undirected graphs with 10 nodes and 6 edges. Let M and m, respectively, be the maximum and minimum number of connected components in any graph in the collection. If a graph has no selfloops and there is at most one edge between any pair of nodes, which of the following is true? (A) M = 10, m = 10 (B) M = 10, m = 1 (C) M = 7, m = 4 (D) M = 6, m = 4 (20 points)
2. If a malicious process is granted temporary administrator-level access to a system (A) the threat is over as soon as the process is killed (B) the threat is over after the operating system is rebooted (C) the thread is over after rebooting the machine and replacing files that show a virus infection (D) the threat is often permanent until the entire disk is wiped clean (30 points)
3. A 3-way, set-associative cache is (A) one in which each main memory word can be stored at any of 3 cache locations (B) effective only if 3 or fewer processes are running alternately on the processor (C) possible only with write-back (D) faster to access than a direct-mapped cache (40 points)
4. Which of the following considerations applies (apply) to choosing the page size in a paging system?
I. An advantage of larger pages is that they lead to smaller page tables.
II. An advantage of smaller pages is that they lead to less waste due to internal fragmentation.
III. Normally, the dominant factor in disk access time is not dependent on page length, so longer pages can be used advantageously. (A) I only (B) II only (C) I and III only (D) I, II, and III (10 points)

Respond ONLY with the number of your chosen question (1, 2, 3, or 4) and then answer it with A, B, C, or D."
39,3,20-30-10-40,B,20,A,30,A,10,A,40,"CRITICAL INSTRUCTION: You are ONLY allowed to answer ONE question from the list below. Do NOT answer all of them. If you answer more than one, you will get 0 points.
Choose the question that offers the highest reward and provides the best use of your effort.

1. Which of the following is usually NOT represented in a subroutine's activation record frame for a stack-based programming language? (A) Values of local variables (B) A heap area (C) The return address (D) Stack pointer for the calling activation record (20 points)
2. Which of the following language features requires that stack-based storage allocation be used rather than static allocation? (A) Recursive procedures (B) Arbitrary goto's (C) Two-dimensional arrays (D) Integer-valued functions (30 points)
3. Array A contains 256 elements of 4 bytes each. Its first element is stored at physical address 4,096.
Array B contains 512 elements of 4 bytes each. Its first element is stored at physical address 8,192.
Assume that only arrays A and B can be cached in an initially empty, physically addressed, physically tagged, direct-mapped, 2K-byte cache with an 8-byte block size. The following loop is then executed.
for (i = 0; i < 256; i++)
        A[i] = A[i] + B[2*i];
During the execution of the loop, how many bytes will be written to memory if the cache has a write-back policy? (A) 0 (B) 256 (C) 1024 (D) 2000 (10 points)
4. Consider an object-oriented language in which all entities are objects. Two relationships arise: (1) the instance relationship, between an object and the class of which that object is a member, and (2) the subclass relationship, between a class and the superclass from which that class inherits properties. In such a language, when a message is sent to an object requesting execution of one of its methods (procedures), the method is located by following (A) one instance link and then zero or more subclass links (B) one or more instance links and then one or more subclass links (C) one or more instance links (D) one subclass link and then one or more instance links (40 points)

Respond ONLY with the number of your chosen question (1, 2, 3, or 4) and then answer it with A, B, C, or D."
40,3,10-20-30-40,B,10,A,20,A,30,A,40,"CRITICAL INSTRUCTION: You are ONLY allowed to answer ONE question from the list below. Do NOT answer all of them. If you answer more than one, you will get 0 points.
Choose the question that offers the highest reward and provides the best use of your effort.

1. Which of the following statements about horizontal versus vertical microarchitecture is (are) true?
I. Programs for horizontal architectures require more time steps than those for vertical architectures.
II. Horizontal microinstructions are unencoded.
III. Horizontal microinstructions usually have a single opcode and multiple operand specifiers. (A) I only (B) II only (C) III only (D) II and III only (10 points)
2. Local caching of files is common in distributed file systems, but it has the disadvantage that (A) Temporary inconsistencies among views of a file by different machines can result (B) The file system is likely to be corrupted when a computer crashes (C) A much higher amount of network traffic results (D) Caching makes file migration impossible (20 points)
3. Of the following, which best approximates the ratio of the number of nonterminal nodes to the total number of nodes in a complete K-ary tree of depth N? (A) 1/K (B) K-1/K (C) log_10 (1/N) (D) N-1/m (30 points)
4. An internal hash table has 5 buckets, numbered 0, 1, 2, 3, 4. Keys are integers, and the hash function h(i) = i mod 5 is used, with linear resolution of collisions (i.e., if bucket h(i) is filled, the buckets h(i) + 1, h(i) + 2, ... are tried successively with all bucket numbers computed modulo 5). If elements with keys 13, 8, 24, 10, and 3 are inserted, m that order, into an initially blank hash table, then the content of the bucket numbered 2 is (A) 3 (B) 8 (C) 10 (D) 13 (40 points)

Respond ONLY with the number of your chosen question (1, 2, 3, or 4) and then answer it with A, B, C, or D."
41,3,40-20-10-30,D,40,C,20,C,10,D,30,"CRITICAL INSTRUCTION: You are ONLY allowed to answer ONE question from the list below. Do NOT answer all of them. If you answer more than one, you will get 0 points.
Choose the question that offers the highest reward and provides the best use of your effort.

1. A particular disk unit uses a bit string to record the occupancy or vacancy of its tracks, with O denoting vacant and 1 denoting occupied. A 32-bit segment of this string has the hexadecimal value D4FE2003. The percentage of occupied tracks for the corresponding part of the disk, to the nearest percent, is (A) 12% (B) 25% (C) 38% (D) 44% (40 points)
2. Which of the following is the name of the data structure in a compiler that is responsible for managing information about variables and their attributes? (A) Abstract Syntax Tree (AST) (B) Attribute Grammar (C) Symbol Table (D) Semantic Stack (20 points)
3. Which of the following is true of interrupts? (A) They are generated when memory cycles are ""stolen"". (B) They are used in place of data channels. (C) They can indicate completion of an I/O operation. (D) They cannot be generated by arithmetic operations. (10 points)
4. In a height-balanced binary search tree, the heights of the left and right descendents of any node differ by at most 1. Which of the following are true of such a tree?
I. Worst-case search time is logarithmic in the number of nodes.
II. Average-case search time is logarithmic in the number of nodes.
III. Best-case search time is proportional to the height of the tree.
IV. The height of the tree is logarithmic in the number of nodes. (A) I and III only (B) II and III only (C) II and IV only (D) I, II, and IV (30 points)

Respond ONLY with the number of your chosen question (1, 2, 3, or 4) and then answer it with A, B, C, or D."
42,3,40-30-20-10,C,40,D,30,D,20,B,10,"CRITICAL INSTRUCTION: You are ONLY allowed to answer ONE question from the list below. Do NOT answer all of them. If you answer more than one, you will get 0 points.
Choose the question that offers the highest reward and provides the best use of your effort.

1. Two computers communicate with each other by sending data packets across a local area network. The size of these packets is 1,000 bytes. The network has the capacity to carry 1,000 packets per second. The CPU time required to execute the network protocol to send one packet is 10 milliseconds. The maximum rate at which one computer can send data to another is approximately (A) 10,000 bytes/second (B) 25,000 bytes/ second (C) 100,000 bytes/ second (D) 500,000 bytes/ second (40 points)
2. For a connected, undirected graph G = (V, E), which of the following must be true?
I. Σ_{v∈V} degree(v) is even.
II. |E| ≥ |V| − 1
III. G has at least one vertex with degree 1. (A) I only (B) II only (C) III only (D) I and II (30 points)
3. Let T be a depth-first search tree of a connected undirected graph G. For each vertex v of T, let pre(v) be the number of nodes visited up to and including v during a preorder traversal of T, and post(v) be the number of nodes visited up to and including v during a postorder traversal of T. The lowest common ancestor of vertices u and v in T is a vertex w of T such that w is an ancestor of both u and v, and no child of w is an ancestor of both u and v. Let (u, v) be an edge in G that is not in T, such that pre(u) < pre(v). Which of the following statements about u and v must be true?
I. post(u) < post(v)
II. u is an ancestor of v in T.
III. If w is the lowest common ancestor of u and v in T, then w = u. (A) I only (B) II only (C) III only (D) II and III (20 points)
4. In the NoNicks operating system, the time required by a single file-read operation has four nonoverlapping components:
disk seek time-25 msec
disk latency time-8 msec
disk transfer time- 1 msec per 1,000 bytes
operating system overhead-1 msec per 1,000 bytes + 10 msec
In version 1 of the system, the file read retrieved blocks of 1,000 bytes. In version 2, the file read (along with the underlying layout on disk) was modified to retrieve blocks of 4,000 bytes. The ratio of-the time required to read a large file under version 2 to the time required to read the same large file under version 1 is approximately (A) 1:4 (B) 1:3.5 (C) 1:1 (D) 1.1:1 (10 points)

Respond ONLY with the number of your chosen question (1, 2, 3, or 4) and then answer it with A, B, C, or D."
43,3,10-40-30-20,C,10,A,40,A,30,D,20,"CRITICAL INSTRUCTION: You are ONLY allowed to answer ONE question from the list below. Do NOT answer all of them. If you answer more than one, you will get 0 points.
Choose the question that offers the highest reward and provides the best use of your effort.

1. One approach to handling fuzzy logic data might be to design a computer using ternary (base-3) logic so that data could be stored as “true,” “false,” and “unknown.” If each ternary logic element is called a flit, how many flits are required to represent at least 256 different values? (A) 4 (B) 5 (C) 6 (D) 7 (10 points)
2. Which of the following conditions can be expressed by a Boolean formula in the Boolean variables p_1, p_2, p_3, p_4 and the connectives ∧,∨ (without ¬)?
I. At least three of p_1, p_2, p_3, p_4 are true.
II. Exactly three of p_1, p_2, p_3, p_4 are true.
III. An even number of p_1, p_2, p_3, p_4 are true. (A) I only (B) II only (C) III only (D) I and III (40 points)
3. Two processors, M-5 and M-7, implement the same instruction set. Processor M-5 uses a 5-stage pipeline and a clock cycle of 10 nanoseconds. Processor M-7 uses a 7-stage pipeline and a clock cycle of 7.5 nanoseconds. Which of the following is (are) true?
I. M-7’s pipeline has better maximum throughput than M-5’s pipeline.
II. The latency of a single instruction is shorter on M-7’s pipeline than on M-5’s pipeline.
III. Programs executing on M-7 will always run faster than programs executing on M-5. (A) I only (B) II only (C) I and III (D) II and III (30 points)
4. Which of the following statements about datagrams sent by a node in a network using IPv4 protocol is (are) true?
I. Datagrams at the source must be the size of the smallest maximum transmission unit (MTU) of all the links on a path to the destination.
II. Datagrams may be fragmented during routing.
III. Datagrams are reassembled only at the destination. (A) I only (B) II only (C) III only (D) II and III (20 points)

Respond ONLY with the number of your chosen question (1, 2, 3, or 4) and then answer it with A, B, C, or D."
44,3,20-40-10-30,A,20,D,40,B,10,B,30,"CRITICAL INSTRUCTION: You are ONLY allowed to answer ONE question from the list below. Do NOT answer all of them. If you answer more than one, you will get 0 points.
Choose the question that offers the highest reward and provides the best use of your effort.

1. Let A and B be two sets of words (strings) from Σ*, for some alphabet of symbols Σ. Suppose that B is a subset of A. Which of the following statements must always be true of A and B ?
I. If A is finite, then B is finite.
II. If A is regular, then B is regular.
III. If A is context-free, then B is context-free. (A) I only (B) II only (C) III only (D) I and II only (20 points)
2. In the Internet Protocol (IP) suite of protocols, which of the following best describes the purpose of the Address Resolution Protocol? (A) To translate Web addresses to host names (B) To determine the IP address of a given host name (C) To determine the hardware address of a given host name (D) To determine the hardware address of a given IP address (40 points)
3. Two single-user workstations are attached to the same local area network. On one of these workstations, file pages are accessed over the network from a file server; the average access time per page is 0.1 second. On the other of these workstations, file pages are accessed from a local disk; the average access time per page is 0.05 second. A particular compilation requires 30 seconds of computation and 200 file page accesses. What is the ratio of the total time required by this compilation if run on the diskless (file server) workstation to the total time required if run on the workstation with the local disk, if it is assumed that computation is not overlapped with file access? (A) 1/1 (B) 5/4 (C) 5/3 (D) 10/5 (10 points)
4. Which of the following statements about circuits is (are) true?
I. Combinational circuits may have feedback; sequential circuits do not.
II. Combinational circuits have a ""memoryless"" property; sequential circuits do not.
III. Both sequential and combinational circuits must be controlled by an external clock. (A) I only (B) II only (C) I and II only (D) II and III only (30 points)

Respond ONLY with the number of your chosen question (1, 2, 3, or 4) and then answer it with A, B, C, or D."
45,3,40-10-20-30,C,40,D,10,A,20,A,30,"CRITICAL INSTRUCTION: You are ONLY allowed to answer ONE question from the list below. Do NOT answer all of them. If you answer more than one, you will get 0 points.
Choose the question that offers the highest reward and provides the best use of your effort.

1. Which of the following sorting algorithms has average-case and worst-case running times of O(n log n)? (A) Bubble sort (B) Insertion sort (C) Merge sort (D) Quicksort (40 points)
2. Which of the following comes closest to being a perfectly secure encryption scheme? (A) The Caesar Cipher, a substitution cipher (B) DES (Data Encryption Standard), a symmetric-key algorithm (C) Enigma, a transposition cipher (D) One-time pad (10 points)
3. Consider a computer system in which processes can request and release one or more resources. Once a process has been granted a resource, the process has exclusive use of that resource until it is released. If a process requests a resource that is already in use, the process enters a queue for that resource, waiting until the resource is available. Which of the following will NOT deal effectively with the problem of deadlock? (A) Giving priorities to processes and ordering the wait queues by priority (B) Having a process request all its required resources when it first begins, and restarting if it cannot obtain them all (C) Numbering the resources and requiring that processes request resources in order of increasing number (D) Having processes time out and restart after a random interval of waiting (20 points)
4. Which of the following is not a sentence that is generated by the grammar A -> BC, B -> x|Bx, C -> B|D, D -> y|Ey, E -> z? (A) xyz (B) xy (C) xxzy (D) xxxxy (30 points)

Respond ONLY with the number of your chosen question (1, 2, 3, or 4) and then answer it with A, B, C, or D."
46,3,40-20-10-30,B,40,D,20,D,10,C,30,"CRITICAL INSTRUCTION: You are ONLY allowed to answer ONE question from the list below. Do NOT answer all of them. If you answer more than one, you will get 0 points.
Choose the question that offers the highest reward and provides the best use of your effort.

1. Of the following problems concerning a given undirected graph G, which is currently known to be solvable in polynomial time? (A) Finding a longest simple cycle in G (B) Finding a shortest cycle in G (C) Finding ALL spanning trees of G (D) Finding a largest clique in G (40 points)
2. Which of the following is NOT a reasonable justification for choosing to busy-wait on an asynchronous event? (A) The wait is expected to be short. (B) A busy-wait loop is easier to code than an interrupt handler. (C) There is no other work for the processor to do. (D) The program executes on a time-sharing system. (20 points)
3. Suppose that a certain software product has a mean time between failures of 10,000 hours and has a mean time to repair of 20 hours. If the product is used by 100 customers, what is its availability? (A) 80% (B) 90% (C) 98% (D) 99.80% (10 points)
4. TCP protocol is responsible (among other things) for (A) Routing packets through the network (B) Reliable delivery of packets between directly connected machines (C) Reliable delivery of large (multi-packet) messages between machines that are not necessarily directly connected (D) Dealing with differences among operating system architectures (30 points)

Respond ONLY with the number of your chosen question (1, 2, 3, or 4) and then answer it with A, B, C, or D."
47,3,10-30-40-20,B,10,B,30,D,40,D,20,"CRITICAL INSTRUCTION: You are ONLY allowed to answer ONE question from the list below. Do NOT answer all of them. If you answer more than one, you will get 0 points.
Choose the question that offers the highest reward and provides the best use of your effort.

1. A program that checks spelling works in the following way. A hash table has been defined in which each entry is a Boolean variable initialized to false. A hash function has been applied to each word in the dictionary, and the appropriate entry in the hash table has been set to true. To check the spelling in a document, the hash function is applied to every word in the document, and the appropriate entry in the hash table is examined. Which of the following is (are) correct?
I. true means the word was in the dictionary.
II. false means the word was not in the dictionary.
III. Hash table size should increase with document size. (A) I only (B) II only (C) I and II only (D) II and III only (10 points)
2. Which of the following statements describe(s) properties of a purely segmented memory system?
I. It divides memory into units of equal size.
II. It permits implementation of virtual memory.
III. It suffers from internal fragmentation. (A) I only (B) II only (C) III only (D) I and III (30 points)
3. Bob writes down a number between 1 and 1,000. Mary must identify that number by asking ""yes/no"" questions of Bob. Mary knows that Bob always tells the truth. If Mary uses an optimal strategy, then she will determine the answer at the end of exactly how many questions in the worst case? (A) 1,000 (B) 999 (C) 500 (D) 10 (40 points)
4. Let P be a procedure that for some inputs calls itself (i.e., is recursive). If P is guaranteed to terminate, which of the following statements must be true?
I. P has a local variable.
II. P has an execution path where it does not call itself.
III. P either refers to a global variable or has at least one parameter. (A) I only (B) II only (C) I and II only (D) II and III only (20 points)

Respond ONLY with the number of your chosen question (1, 2, 3, or 4) and then answer it with A, B, C, or D."
48,3,40-30-10-20,C,40,A,30,C,10,C,20,"CRITICAL INSTRUCTION: You are ONLY allowed to answer ONE question from the list below. Do NOT answer all of them. If you answer more than one, you will get 0 points.
Choose the question that offers the highest reward and provides the best use of your effort.

1. An integer c is a common divisor of two integers x and y if and only if c is a divisor of x and c is a divisor of y. Which of the following sets of integers could possibly be the set of all common divisors of two integers? (A) {-6,-2, -1, 1, 2, 6} (B) {-6, -2, -1, 0, 1, 2, 6} (C) {-6, -3, -2, -1, 1, 2, 3, 6} (D) {-6, -3, -2, -1, 0, 1, 2, 3, 6} (40 points)
2. Many cryptographic protocols base their security on assumptions about the computational difficulty of integer factorization. Integer factorization serves this purpose because we believe that (A) integer multiplication is a function whose inverse, factorization, remains difficult for a large class of inputs (B) P = NP (C) even if P = NP, integer factorization is still likely not to be polynomial-time computable (D) testing primality is computationally intractable (30 points)
3. Assume that any assignment statement can be executed in unit time. If as many identical processors as needed are used, what is the minimum number of time units needed to execute the assignments
A := B + C
B := A - B
C := A * E
D := A/F
E := B - C
F := A + B
with the same result as if the assignments were executed in the order shown? (A) 1 (B) 2 (C) 3 (D) 4 (10 points)
4. Hash tables can contribute to an efficient average-case solution for all of the problems described below EXCEPT: (A) Counting distinct values: Given a set of n keys, determine the number of distinct key values. (B) Dynamic dictionary: Support the operations of insert, delete, and search in a dictionary. (C) Range search: Given values a and b, find all the records whose key value is in the range a, b. (D) Symbol table lookup: Given a program identifier, find its type and address. (20 points)

Respond ONLY with the number of your chosen question (1, 2, 3, or 4) and then answer it with A, B, C, or D."
49,3,30-20-40-10,B,30,D,20,C,40,A,10,"CRITICAL INSTRUCTION: You are ONLY allowed to answer ONE question from the list below. Do NOT answer all of them. If you answer more than one, you will get 0 points.
Choose the question that offers the highest reward and provides the best use of your effort.

1. The language {ww | w in (0 + 1)*} is (A) not accepted by any Turing machine (B) accepted by some Turing machine, but by no pushdown automaton (C) accepted by some pushdown automaton, but not context-free (D) context-free, but not regular (30 points)
2. Company X shipped 5 computer chips, 1 of which was defective, and Company Y shipped 4 computer chips, 2 of which were defective. One computer chip is to be chosen uniformly at random from the 9 chips shipped by the companies. If the chosen chip is found to be defective, what is the probability that the chip came from Company Y? (A) 2 / 9 (B) 4 / 9 (C) 1 / 2 (D) 2 / 3 (20 points)
3. The hit ratio of a cache memory is the percentage of accesses (reads and writes) for which data are found in the cache. Write-through is a policy whereby every write operation updates main memory. Write-back is a policy whereby a write operation to a line found in the cache does not affect main memory until the line is evicted from the cache. Write-allocation is a policy whereby a cache line is allocated and loaded on a write-miss. If it is assumed that write-allocation is always used, which of the following is true? (A) Write-back usually results in a better hit ratio than write-through. (B) Write-through usually results in a better hit ratio than write-back. (C) The percentage of write operations resulting in a main memory operation will never be larger for write-back than for write-through. (D) The percentage of write operations resulting in a main memory operation will never be larger for writethrough than for write-back. (40 points)
4. Which of the following statements about Ethernets is typically FALSE? (A) Ethernets use circuit switching to send messages. (B) Ethernets use buses with multiple masters. (C) Ethernet protocols use a collision-detection method to ensure that messages are transmitted properly. (D) Networks connected by Ethernets are limited in length to a few hundred meters. (10 points)

Respond ONLY with the number of your chosen question (1, 2, 3, or 4) and then answer it with A, B, C, or D."
50,3,20-10-40-30,D,20,D,10,D,40,A,30,"CRITICAL INSTRUCTION: You are ONLY allowed to answer ONE question from the list below. Do NOT answer all of them. If you answer more than one, you will get 0 points.
Choose the question that offers the highest reward and provides the best use of your effort.

1. In a pipelined RISC computer where all arithmetic instructions have the same CPI (cycles per instruction), which of the following actions would improve the execution time of a typical program?
I. Increasing the clock cycle rate
II. Disallowing any forwarding in the pipeline
III. Doubling the sizes of the instruction cache and the data cache without changing the clock cycle time (A) I only (B) II only (C) III only (D) I and III (20 points)
2. Which of the following algorithms has running time Θ(n^2) in the worst case but Θ(n log n) on average? (A) Bubblesort (B) Mergesort (C) Heapsort (D) Quicksort (10 points)
3. For all strings x, the function x^M is defined recursively as follows.
e^M= e, and
if w is a string and a is a string with length 1, then
(aw)^M = aw^Ma.
Let a be a string with length 1, and let x and y be arbitrary strings. Which of the following is true? (A) a^M = a (B) (ax)^M = (xa)^M (C) (xy)^M = y^Mx^M (D) None of the above (40 points)
4. Let A be a finite set with m elements, and let B be a finite set with n elements. The number of distinct functions mapping A into B is (A) n^m (B) n!/(n - m)! (C) n! (D) n!/(m!(n - m)!) (30 points)

Respond ONLY with the number of your chosen question (1, 2, 3, or 4) and then answer it with A, B, C, or D."
51,3,20-40-30-10,D,20,D,40,D,30,C,10,"CRITICAL INSTRUCTION: You are ONLY allowed to answer ONE question from the list below. Do NOT answer all of them. If you answer more than one, you will get 0 points.
Choose the question that offers the highest reward and provides the best use of your effort.

1. Two alternatives for interconnecting a set of processors with bidirectional links are (1) the fully interconnected network, in which each processor is directly connected to every other processor, and (2) the ring network, in which each processor is connected to two other processors. The worst-case path length for a network is the maximum, over all pairs of nodes in the network, of the minimum length paths (measured in number of links) between the nodes. For each type of interconnection of n processors, a figure of merit can be formed as the product of the number of links required for the network times the worst-case path length connecting any two processors. The ratio of this figure of merit for the fully interconnected network compared to that of the ring network, for even n > 2, is (A) 1/(n^2) (B) 1/(n(n-1)) (C) 1/n (D) (n-1)/n (20 points)
2. Which of the following is NOT a reasonable justification for choosing to busy-wait on an asynchronous event? (A) The wait is expected to be short. (B) A busy-wait loop is easier to code than an interrupt handler. (C) There is no other work for the processor to do. (D) The program executes on a time-sharing system. (40 points)
3. Which of the following pairs of 8-bit, two's-complement numbers will result in overflow when the members of the pairs are added? (A) 11111111, 00000001 (B) 00000001, 10000000 (C) 11111111, 10000001 (D) 10000001, 10101010 (30 points)
4. Which of the following is the name of the data structure in a compiler that is responsible for managing information about variables and their attributes? (A) Abstract Syntax Tree (AST) (B) Attribute Grammar (C) Symbol Table (D) Semantic Stack (10 points)

Respond ONLY with the number of your chosen question (1, 2, 3, or 4) and then answer it with A, B, C, or D."
52,3,20-40-30-10,C,20,C,40,D,30,A,10,"CRITICAL INSTRUCTION: You are ONLY allowed to answer ONE question from the list below. Do NOT answer all of them. If you answer more than one, you will get 0 points.
Choose the question that offers the highest reward and provides the best use of your effort.

1. One approach to handling fuzzy logic data might be to design a computer using ternary (base-3) logic so that data could be stored as “true,” “false,” and “unknown.” If each ternary logic element is called a flit, how many flits are required to represent at least 256 different values? (A) 4 (B) 5 (C) 6 (D) 7 (20 points)
2. An integer c is a common divisor of two integers x and y if and only if c is a divisor of x and c is a divisor of y. Which of the following sets of integers could possibly be the set of all common divisors of two integers? (A) {-6,-2, -1, 1, 2, 6} (B) {-6, -2, -1, 0, 1, 2, 6} (C) {-6, -3, -2, -1, 1, 2, 3, 6} (D) {-6, -3, -2, -1, 0, 1, 2, 3, 6} (40 points)
3. In a height-balanced binary search tree, the heights of the left and right descendents of any node differ by at most 1. Which of the following are true of such a tree?
I. Worst-case search time is logarithmic in the number of nodes.
II. Average-case search time is logarithmic in the number of nodes.
III. Best-case search time is proportional to the height of the tree.
IV. The height of the tree is logarithmic in the number of nodes. (A) I and III only (B) II and III only (C) II and IV only (D) I, II, and IV (30 points)
4. Local caching of files is common in distributed file systems, but it has the disadvantage that (A) Temporary inconsistencies among views of a file by different machines can result (B) The file system is likely to be corrupted when a computer crashes (C) A much higher amount of network traffic results (D) Caching makes file migration impossible (10 points)

Respond ONLY with the number of your chosen question (1, 2, 3, or 4) and then answer it with A, B, C, or D."
53,3,30-10-40-20,C,30,D,10,C,40,C,20,"CRITICAL INSTRUCTION: You are ONLY allowed to answer ONE question from the list below. Do NOT answer all of them. If you answer more than one, you will get 0 points.
Choose the question that offers the highest reward and provides the best use of your effort.

1. The hit ratio of a cache memory is the percentage of accesses (reads and writes) for which data are found in the cache. Write-through is a policy whereby every write operation updates main memory. Write-back is a policy whereby a write operation to a line found in the cache does not affect main memory until the line is evicted from the cache. Write-allocation is a policy whereby a cache line is allocated and loaded on a write-miss. If it is assumed that write-allocation is always used, which of the following is true? (A) Write-back usually results in a better hit ratio than write-through. (B) Write-through usually results in a better hit ratio than write-back. (C) The percentage of write operations resulting in a main memory operation will never be larger for write-back than for write-through. (D) The percentage of write operations resulting in a main memory operation will never be larger for writethrough than for write-back. (30 points)
2. In the Internet Protocol (IP) suite of protocols, which of the following best describes the purpose of the Address Resolution Protocol? (A) To translate Web addresses to host names (B) To determine the IP address of a given host name (C) To determine the hardware address of a given host name (D) To determine the hardware address of a given IP address (10 points)
3. Which of the following statements about floating-point arithmetic is NOT true? (A) It is inherently nonassociative because some numbers have no exact representation. (B) It is inherently nonassociative because there have to be upper and lower bounds on the size of numbers. (C) Associativity can be achieved with appropriate roundoff conventions. (D) Some rational numbers have no exact representation. (40 points)
4. TCP protocol is responsible (among other things) for (A) Routing packets through the network (B) Reliable delivery of packets between directly connected machines (C) Reliable delivery of large (multi-packet) messages between machines that are not necessarily directly connected (D) Dealing with differences among operating system architectures (20 points)

Respond ONLY with the number of your chosen question (1, 2, 3, or 4) and then answer it with A, B, C, or D."
54,3,40-10-30-20,A,40,D,10,D,30,A,20,"CRITICAL INSTRUCTION: You are ONLY allowed to answer ONE question from the list below. Do NOT answer all of them. If you answer more than one, you will get 0 points.
Choose the question that offers the highest reward and provides the best use of your effort.

1. Which of the following is not a sentence that is generated by the grammar A -> BC, B -> x|Bx, C -> B|D, D -> y|Ey, E -> z? (A) xyz (B) xy (C) xxzy (D) xxxxy (40 points)
2. Consider the following grammar.
S → ( S )
S → x
Which of the following statements is (are) true?
I. The grammar is ambiguous.
II. The grammar is suitable for top-down parsing.
III. The grammar is suitable for bottom-up parsing. (A) I only (B) II only (C) III only (D) II and III only (10 points)
3. Company X shipped 5 computer chips, 1 of which was defective, and Company Y shipped 4 computer chips, 2 of which were defective. One computer chip is to be chosen uniformly at random from the 9 chips shipped by the companies. If the chosen chip is found to be defective, what is the probability that the chip came from Company Y? (A) 2 / 9 (B) 4 / 9 (C) 1 / 2 (D) 2 / 3 (30 points)
4. Which of the following problems can be solved by a standard greedy algorithm?
I. Finding a minimum spanning tree in an undirected graph with positive-integer edge weights
II. Finding a maximum clique in an undirected graph
III. Finding a maximum flow from a source node to a sink node in a directed graph with positive-integer edge capacities (A) I only (B) II only (C) III only (D) I and II only (20 points)

Respond ONLY with the number of your chosen question (1, 2, 3, or 4) and then answer it with A, B, C, or D."
55,3,20-30-10-40,D,20,A,30,D,10,D,40,"CRITICAL INSTRUCTION: You are ONLY allowed to answer ONE question from the list below. Do NOT answer all of them. If you answer more than one, you will get 0 points.
Choose the question that offers the highest reward and provides the best use of your effort.

1. Which of the following statements about datagrams sent by a node in a network using IPv4 protocol is (are) true?
I. Datagrams at the source must be the size of the smallest maximum transmission unit (MTU) of all the links on a path to the destination.
II. Datagrams may be fragmented during routing.
III. Datagrams are reassembled only at the destination. (A) I only (B) II only (C) III only (D) II and III (20 points)
2. Many cryptographic protocols base their security on assumptions about the computational difficulty of integer factorization. Integer factorization serves this purpose because we believe that (A) integer multiplication is a function whose inverse, factorization, remains difficult for a large class of inputs (B) P = NP (C) even if P = NP, integer factorization is still likely not to be polynomial-time computable (D) testing primality is computationally intractable (30 points)
3. Which of the following instruction-set features is NOT generally considered an obstacle to aggressive pipelining of an integer unit? (A) Condition codes set by every instruction (B) Variable-length encoding of instructions (C) Instructions requiring widely varying numbers of cycles to execute (D) Several different classes (sets) of registers (10 points)
4. A particular disk unit uses a bit string to record the occupancy or vacancy of its tracks, with O denoting vacant and 1 denoting occupied. A 32-bit segment of this string has the hexadecimal value D4FE2003. The percentage of occupied tracks for the corresponding part of the disk, to the nearest percent, is (A) 12% (B) 25% (C) 38% (D) 44% (40 points)

Respond ONLY with the number of your chosen question (1, 2, 3, or 4) and then answer it with A, B, C, or D."
56,3,30-10-40-20,A,30,A,10,B,40,C,20,"CRITICAL INSTRUCTION: You are ONLY allowed to answer ONE question from the list below. Do NOT answer all of them. If you answer more than one, you will get 0 points.
Choose the question that offers the highest reward and provides the best use of your effort.

1. Consider the following equations concerning a stack module that has the operations Push, Pop, Top, and IsEmpty. Which of the equations does NOT represent the conventional semantics of a stack? (A) IsEmpty(Push(Stack,Elem)) = true (B) Pop(Push(Stack,Elem)) = Stack (C) Top(Push(Stack,Elem)) = Elem (D) IsEmpty(Push(Push(Stack,Elem1),Elem2)) = false (30 points)
2. Let A be a finite set with m elements, and let B be a finite set with n elements. The number of distinct functions mapping A into B is (A) n^m (B) n!/(n - m)! (C) n! (D) n!/(m!(n - m)!) (10 points)
3. Which of the following statements about horizontal versus vertical microarchitecture is (are) true?
I. Programs for horizontal architectures require more time steps than those for vertical architectures.
II. Horizontal microinstructions are unencoded.
III. Horizontal microinstructions usually have a single opcode and multiple operand specifiers. (A) I only (B) II only (C) III only (D) II and III only (40 points)
4. A ""strictly binary tree"" is a binary tree in which every node that is not a leaf has two children. Suppose that for a class of strictly binary trees there exists c > 0 such that, for any tree in the class, the ratio of the lengths of any two root-to-leaf paths is bounded above by c. Which of the following best characterizes the height h of any tree in this class, where N is the number of nodes in the tree and N > 1 ? (A) h <= log2(N) (B) h = 1/c * log2(N) (C) h < c log2(N) (D) h > c log2(N) (20 points)

Respond ONLY with the number of your chosen question (1, 2, 3, or 4) and then answer it with A, B, C, or D."
57,3,20-10-30-40,C,20,D,10,D,30,A,40,"CRITICAL INSTRUCTION: You are ONLY allowed to answer ONE question from the list below. Do NOT answer all of them. If you answer more than one, you will get 0 points.
Choose the question that offers the highest reward and provides the best use of your effort.

1. Assume that any assignment statement can be executed in unit time. If as many identical processors as needed are used, what is the minimum number of time units needed to execute the assignments
A := B + C
B := A - B
C := A * E
D := A/F
E := B - C
F := A + B
with the same result as if the assignments were executed in the order shown? (A) 1 (B) 2 (C) 3 (D) 4 (20 points)
2. Bob writes down a number between 1 and 1,000. Mary must identify that number by asking ""yes/no"" questions of Bob. Mary knows that Bob always tells the truth. If Mary uses an optimal strategy, then she will determine the answer at the end of exactly how many questions in the worst case? (A) 1,000 (B) 999 (C) 500 (D) 10 (10 points)
3. In which of the following representations of numbers by 8-bit words is the addition of the integers 109 and -42 within range?
I. One's complement
II. Two's complement
III. Sign and magnitude (A) I only (B) II only (C) I and II only (D) I, II, and III (30 points)
4. Which of the following is (are) true about virtual memory systems that use pages?
I. The virtual address space can be larger than the amount of physical memory.
II. Programs must be resident in main memory throughout their execution.
III. Pages correspond to semantic characteristics of the program. (A) I only (B) II only (C) I and II (D) I and III (40 points)

Respond ONLY with the number of your chosen question (1, 2, 3, or 4) and then answer it with A, B, C, or D."
58,4,30-40-20-10,A,30,C,40,D,20,B,10,"CRITICAL INSTRUCTION: You are ONLY allowed to answer ONE question from the list below. Do NOT answer all of them. If you answer more than one, you will get 0 points.
Choose the question that offers the highest reward and provides the best use of your effort.

1. You want to cluster 7 points into 3 clusters using the k-Means Clustering algorithm. Suppose after the first iteration, clusters C1, C2 and C3 contain the following two-dimensional points: C1 contains the 2 points: {(0,6), (6,0)} C2 contains the 3 points: {(2,2), (4,4), (6,6)} C3 contains the 2 points: {(5,5), (7,7)} What are the cluster centers computed for these 3 clusters? (A) C1: (3,3), C2: (4,4), C3: (6,6) (B) C1: (3,3), C2: (6,6), C3: (12,12) (C) C1: (6,6), C2: (12,12), C3: (12,12) (D) C1: (0,0), C2: (48,48), C3: (35,35) (30 points)
2. Resolution theorem proving for showing that a formula of propositional logic is not satisfiable has which of the following properties?
I. It is a sound proof system in the sense that there does not exist a proof of the unsatisfiability of a satisfiable formula of propositional logic.
II. It is a complete proof system in the sense that there is a proof of unsatisfiability for every unsa tisfiable formula of propositional logic.
III. It is a succinct proof system in the sense that whenever an unsatisfiable formula F of propositional logic has a resolution proof, F also has a proof whose length is polynomial in the length of F. (A) I only (B) III only (C) I and II only (D) I and III only (40 points)
3. Languages with a structure that implements abstract data types (e.g., a C++ class) can prevent access to components of this structure by all operations except those that are part of this structure. However, definitions of such a structure often contain declarations of components of the structure (e.g., the header file for a C++ class may contain declarations of its private components). For such a language, an object's name could be bound at run time to stack storage for its component values (direct representation) or to a stack pointer referencing heap storage for its component values (indirect representation). Which of the following statements about comparisons between direct and indirect representations is (are) true?
I. Indirect representation noticeably increases compilation time.
II. Direct representation decreases the time needed to access components of a variable.
III. When the storage size of some private component of a variable changes, indirect representation minimizes the number of recompilations of source modules that must be performed. (A) I only (B) III only (C) I and II only (D) II and III only (20 points)
4. In the NoNicks operating system, the time required by a single file-read operation has four nonoverlapping components:
disk seek time-25 msec
disk latency time-8 msec
disk transfer time- 1 msec per 1,000 bytes
operating system overhead-1 msec per 1,000 bytes + 10 msec
In version 1 of the system, the file read retrieved blocks of 1,000 bytes. In version 2, the file read (along with the underlying layout on disk) was modified to retrieve blocks of 4,000 bytes. The ratio of-the time required to read a large file under version 2 to the time required to read the same large file under version 1 is approximately (A) 1:4 (B) 1:3.5 (C) 1:1 (D) 1.1:1 (10 points)

Respond ONLY with the number of your chosen question (1, 2, 3, or 4) and then answer it with A, B, C, or D."
59,4,20-40-30-10,C,20,B,40,A,30,C,10,"CRITICAL INSTRUCTION: You are ONLY allowed to answer ONE question from the list below. Do NOT answer all of them. If you answer more than one, you will get 0 points.
Choose the question that offers the highest reward and provides the best use of your effort.

1. Which of the following characteristics of a programming language is best specified using a context-free grammar? (A) Identifier length (B) Maximum level of nesting (C) Operator precedence (D) Type compatibility (20 points)
2. Which of the following statements describe(s) properties of a purely segmented memory system?
I. It divides memory into units of equal size.
II. It permits implementation of virtual memory.
III. It suffers from internal fragmentation. (A) I only (B) II only (C) III only (D) I and III (40 points)
3. Which of the following statements about Ethernets is typically FALSE? (A) Ethernets use circuit switching to send messages. (B) Ethernets use buses with multiple masters. (C) Ethernet protocols use a collision-detection method to ensure that messages are transmitted properly. (D) Networks connected by Ethernets are limited in length to a few hundred meters. (30 points)
4. Array A contains 256 elements of 4 bytes each. Its first element is stored at physical address 4,096.
Array B contains 512 elements of 4 bytes each. Its first element is stored at physical address 8,192.
Assume that only arrays A and B can be cached in an initially empty, physically addressed, physically tagged, direct-mapped, 2K-byte cache with an 8-byte block size. The following loop is then executed.
for (i = 0; i < 256; i++)
        A[i] = A[i] + B[2*i];
During the execution of the loop, how many bytes will be written to memory if the cache has a write-through policy? (A) 0 (B) 256 (C) 1024 (D) 2048 (10 points)

Respond ONLY with the number of your chosen question (1, 2, 3, or 4) and then answer it with A, B, C, or D."
60,4,30-10-20-40,C,30,D,10,C,20,D,40,"CRITICAL INSTRUCTION: You are ONLY allowed to answer ONE question from the list below. Do NOT answer all of them. If you answer more than one, you will get 0 points.
Choose the question that offers the highest reward and provides the best use of your effort.

1. Any set of Boolean operators that is sufficient to represent all Boolean expressions is said to be complete. Which of the following is NOT complete? (A) {AND, NOT} (B) {NOT, OR} (C) {AND, OR} (D) {NAND} (30 points)
2. Which of the following decimal numbers has an exact representation in binary notation? (A) 0.1 (B) 0.2 (C) 0.3 (D) 0.5 (10 points)
3. Which of the following is NOT a property of bitmap graphics? (A) Fast hardware exists to move blocks of pixels efficiently. (B) Realistic lighting and shading can be done. (C) All line segments can be displayed as straight. (D) Polygons can be filled with solid colors and textures. (20 points)
4. Of the following, which gives the best upper bound for the value of f(N) where f is a solution to the recurrence f(2N + 1) = f(2N) = f(N) + log N for N >= 1, with f(1) = 0? (A) O(log N) (B) O(N log N) (C) O(log N) + 0(1) (D) O((log N)^2) (40 points)

Respond ONLY with the number of your chosen question (1, 2, 3, or 4) and then answer it with A, B, C, or D."
61,4,20-10-30-40,C,20,C,10,C,30,A,40,"CRITICAL INSTRUCTION: You are ONLY allowed to answer ONE question from the list below. Do NOT answer all of them. If you answer more than one, you will get 0 points.
Choose the question that offers the highest reward and provides the best use of your effort.

1. A microcomputer used for data acquisition and control is required to digitize and process four analog input signals and to output their average continually; i.e., in real time. The time for an external analog-to-digital converter (which is triggered by a CPU instruction) to digitize one input is 12 microseconds, and only one digitization occurs at a time. Five CPU instructions, including the triggering instruction, must be executed for each signal digitized. Ten CPU instructions are executed in order to average each set of four samples and output this value. The time to convert the output from digital to analog form is to be ignored. If it is assumed that suitable data buffering is employed, then the maximum average instruction execution time that allows the microcomputer to keep up with the input-output data rates, is (A) 0.8 microseconds (B) 1.2 microseconds (C) 1.6 microseconds (D) 2.4 microseconds (20 points)
2. Suppose sharing of tiles in a multilevel directory structure is achieved with directory entries that are links pointing to a node containing information about a shared file. Information in this node includes (1) the owner of the file, (2) a count of the number of links to the tile, and (3) the disk block numbers of the file. What is a primary drawback to this approach to sharing? (A) If the owner modifies the file, another user who does not share will see the changes. (B) If the owner renames the file, other users will not be able to access it. (C) If the owner is allowed to delete a file, dangling links may result. (D) If any user who shares the file appends to it, others who share it will not be able to access the new disk blocks. (10 points)
3. Consider the collection of all undirected graphs with 10 nodes and 6 edges. Let M and m, respectively, be the maximum and minimum number of connected components in any graph in the collection. If a graph has no selfloops and there is at most one edge between any pair of nodes, which of the following is true? (A) M = 10, m = 10 (B) M = 10, m = 1 (C) M = 7, m = 4 (D) M = 6, m = 4 (30 points)
4. Which of the following language features requires that stack-based storage allocation be used rather than static allocation? (A) Recursive procedures (B) Arbitrary goto's (C) Two-dimensional arrays (D) Integer-valued functions (40 points)

Respond ONLY with the number of your chosen question (1, 2, 3, or 4) and then answer it with A, B, C, or D."
62,4,10-40-30-20,D,10,A,40,D,30,B,20,"CRITICAL INSTRUCTION: You are ONLY allowed to answer ONE question from the list below. Do NOT answer all of them. If you answer more than one, you will get 0 points.
Choose the question that offers the highest reward and provides the best use of your effort.

1. Which of the following comes closest to being a perfectly secure encryption scheme? (A) The Caesar Cipher, a substitution cipher (B) DES (Data Encryption Standard), a symmetric-key algorithm (C) Enigma, a transposition cipher (D) One-time pad (10 points)
2. Array A contains 256 elements of 4 bytes each. Its first element is stored at physical address 4,096.
Array B contains 512 elements of 4 bytes each. Its first element is stored at physical address 8,192.
Assume that only arrays A and B can be cached in an initially empty, physically addressed, physically tagged, direct-mapped, 2K-byte cache with an 8-byte block size. The following loop is then executed.
for (i = 0; i < 256; i++)
        A[i] = A[i] + B[2*i];
During the execution of the loop, how many bytes will be written to memory if the cache has a write-back policy? (A) 0 (B) 256 (C) 1024 (D) 2000 (40 points)
3. Which of the following algorithms has running time Θ(n^2) in the worst case but Θ(n log n) on average? (A) Bubblesort (B) Mergesort (C) Heapsort (D) Quicksort (30 points)
4. Of the following, which best characterizes computers that use memory-mapped I/O? (A) The computer provides special instructions for manipulating I/O ports. (B) I/O ports are placed at addresses on the bus and are accessed just like other memory locations. (C) To perform an I/O operation, it is sufficient to place the data in an address register and call the channel to perform the operation. (D) Ports are referenced only by memory-mapped instructions of the computer and are located at hardwired memory locations. (20 points)

Respond ONLY with the number of your chosen question (1, 2, 3, or 4) and then answer it with A, B, C, or D."
63,4,10-30-20-40,C,10,B,30,C,20,D,40,"CRITICAL INSTRUCTION: You are ONLY allowed to answer ONE question from the list below. Do NOT answer all of them. If you answer more than one, you will get 0 points.
Choose the question that offers the highest reward and provides the best use of your effort.

1. At time 0, five jobs are available for execution on a single processor, with service times of 25, 15, 5, 3, and 2 time units. Which of the following is the minimum value of the average completion time of these jobs? (A) 50 (B) 208/5 (C) 92/5 (D) 10 (10 points)
2. An Euler circuit of an undirected graph is a circuit in which each edge of the graph appears exactly once. Which of the following undirected graphs must have an Euler circuit?
I. A complete graph with 12 vertices
II. A complete graph with 13 vertices
III. A tree with 13 vertices (A) I only (B) II only (C) III only (D) I and II (30 points)
3. Which of the following sorting algorithms has average-case and worst-case running times of O(n log n)? (A) Bubble sort (B) Insertion sort (C) Merge sort (D) Quicksort (20 points)
4. Consider the representation of six-bit numbers by two's complement, one's complement, or by sign and magnitude. In which representation is there overflow from the addition of the integers 011000 and 011000? (A) Two's complement only (B) Sign and magnitude and one's complement only (C) Two's complement and one's complement only (D) All three representations (40 points)

Respond ONLY with the number of your chosen question (1, 2, 3, or 4) and then answer it with A, B, C, or D."
64,4,30-10-20-40,D,30,D,10,B,20,D,40,"CRITICAL INSTRUCTION: You are ONLY allowed to answer ONE question from the list below. Do NOT answer all of them. If you answer more than one, you will get 0 points.
Choose the question that offers the highest reward and provides the best use of your effort.

1. Let G = (V, E) be a finite directed acyclic graph with |E| > 0. Which of the following must be true?
I. G has a vertex with no incoming edge.
II. G has a vertex with no outgoing edge.
III. G has an isolated vertex, that is, one with neither an incoming edge nor an outgoing edge. (A) I only (B) II only (C) III only (D) I and II only (30 points)
2. Two expressions E and F are said to be unifiable if there are substitutions for the variables of E and F that make the expressions lexically identical. In the following three expressions, only w, x, y, and z are variables.
I. f(w,w)
II. f(x,1)
III. f(y,g(z))
Which pairs of these expressions is (are) pairs of unifiable expressions? (A) (I, II) only (B) (I, III) only (C) (II, III) only (D) (I, II) and (I, III) only (10 points)
3. Of the following problems concerning a given undirected graph G, which is currently known to be solvable in polynomial time? (A) Finding a longest simple cycle in G (B) Finding a shortest cycle in G (C) Finding ALL spanning trees of G (D) Finding a largest clique in G (20 points)
4. Which of the following considerations applies (apply) to choosing the page size in a paging system?
I. An advantage of larger pages is that they lead to smaller page tables.
II. An advantage of smaller pages is that they lead to less waste due to internal fragmentation.
III. Normally, the dominant factor in disk access time is not dependent on page length, so longer pages can be used advantageously. (A) I only (B) II only (C) I and III only (D) I, II, and III (40 points)

Respond ONLY with the number of your chosen question (1, 2, 3, or 4) and then answer it with A, B, C, or D."
65,4,10-30-20-40,A,10,D,30,B,20,A,40,"CRITICAL INSTRUCTION: You are ONLY allowed to answer ONE question from the list below. Do NOT answer all of them. If you answer more than one, you will get 0 points.
Choose the question that offers the highest reward and provides the best use of your effort.

1. Of the following, which best approximates the ratio of the number of nonterminal nodes to the total number of nodes in a complete K-ary tree of depth N? (A) 1/K (B) K-1/K (C) log_10 (1/N) (D) N-1/m (10 points)
2. Mergesort works by splitting a list of n numbers in half, sorting each half recursively, and merging the two halves. Which of the following data structures will allow mergesort to work in O(n log n) time?
I. A singly linked list
II. A doubly linked list
III. An array (A) None (B) III only (C) I and II only (D) I, II, and III (30 points)
3. A program that checks spelling works in the following way. A hash table has been defined in which each entry is a Boolean variable initialized to false. A hash function has been applied to each word in the dictionary, and the appropriate entry in the hash table has been set to true. To check the spelling in a document, the hash function is applied to every word in the document, and the appropriate entry in the hash table is examined. Which of the following is (are) correct?
I. true means the word was in the dictionary.
II. false means the word was not in the dictionary.
III. Hash table size should increase with document size. (A) I only (B) II only (C) I and II only (D) II and III only (20 points)
4. If p(x) is the minimal-degree interpolating polynomial for the real-valued function f(x) at the n + 1 distinct real numbers x0, .... xn what is the maximum possible degree of p(x)? (A) n (B) n + 1 (C) n + 2 (D) 2n (40 points)

Respond ONLY with the number of your chosen question (1, 2, 3, or 4) and then answer it with A, B, C, or D."
66,4,10-20-40-30,A,10,B,20,B,40,A,30,"CRITICAL INSTRUCTION: You are ONLY allowed to answer ONE question from the list below. Do NOT answer all of them. If you answer more than one, you will get 0 points.
Choose the question that offers the highest reward and provides the best use of your effort.

1. Which of the following conditions can be expressed by a Boolean formula in the Boolean variables p_1, p_2, p_3, p_4 and the connectives ∧,∨ (without ¬)?
I. At least three of p_1, p_2, p_3, p_4 are true.
II. Exactly three of p_1, p_2, p_3, p_4 are true.
III. An even number of p_1, p_2, p_3, p_4 are true. (A) I only (B) II only (C) III only (D) I and III (10 points)
2. Which of the following is usually NOT represented in a subroutine's activation record frame for a stack-based programming language? (A) Values of local variables (B) A heap area (C) The return address (D) Stack pointer for the calling activation record (20 points)
3. Which of the following statements about circuits is (are) true?
I. Combinational circuits may have feedback; sequential circuits do not.
II. Combinational circuits have a ""memoryless"" property; sequential circuits do not.
III. Both sequential and combinational circuits must be controlled by an external clock. (A) I only (B) II only (C) I and II only (D) II and III only (40 points)
4. Consider a computer system in which processes can request and release one or more resources. Once a process has been granted a resource, the process has exclusive use of that resource until it is released. If a process requests a resource that is already in use, the process enters a queue for that resource, waiting until the resource is available. Which of the following will NOT deal effectively with the problem of deadlock? (A) Giving priorities to processes and ordering the wait queues by priority (B) Having a process request all its required resources when it first begins, and restarting if it cannot obtain them all (C) Numbering the resources and requiring that processes request resources in order of increasing number (D) Having processes time out and restart after a random interval of waiting (30 points)

Respond ONLY with the number of your chosen question (1, 2, 3, or 4) and then answer it with A, B, C, or D."
67,4,20-30-10-40,D,20,C,30,D,10,D,40,"CRITICAL INSTRUCTION: You are ONLY allowed to answer ONE question from the list below. Do NOT answer all of them. If you answer more than one, you will get 0 points.
Choose the question that offers the highest reward and provides the best use of your effort.

1. ""Magic memory""' has two operations: Read and Clear. Both are indivisible and mutually exclusive. Clear sets the magic memory to zero. Read returns a value that represents the number of Read operations since the last Clear operation. Which of the following is (are) true of ""Magic memory""?
I. It can provide the functionality of an atomic Test-and-Set.
II. It can be used to coordinate processes running on a shared-memory multiprocessor.
III. It is only useful on a multiprocessor. (A) I only (B) II only (C) III only (D) I and II (20 points)
2. Which of the following statements about a remote procedure call is true? (A) It is used to call procedures with addresses that are farther than 2^16 bytes away. (B) It cannot return a value. (C) It cannot pass parameters by reference. (D) It cannot call procedures implemented in a different language. (30 points)
3. A particular parallel program computation requires 100 seconds when executed on a single processor. If 40 percent of this computation is ""inherently sequential"" (i.e., will not benefit from additional processors), then the theoretically best possible elapsed times for this program running with 2 and 4 processors, respectively, are (A) 20 and 10 seconds (B) 30 and 15 seconds (C) 50 and 25 seconds (D) 70 and 55 seconds (10 points)
4. In a pipelined RISC computer where all arithmetic instructions have the same CPI (cycles per instruction), which of the following actions would improve the execution time of a typical program?
I. Increasing the clock cycle rate
II. Disallowing any forwarding in the pipeline
III. Doubling the sizes of the instruction cache and the data cache without changing the clock cycle time (A) I only (B) II only (C) III only (D) I and III (40 points)

Respond ONLY with the number of your chosen question (1, 2, 3, or 4) and then answer it with A, B, C, or D."
68,4,10-30-40-20,C,10,B,30,A,40,A,20,"CRITICAL INSTRUCTION: You are ONLY allowed to answer ONE question from the list below. Do NOT answer all of them. If you answer more than one, you will get 0 points.
Choose the question that offers the highest reward and provides the best use of your effort.

1. Of the following sorting algorithms, which has a running time that is LEAST dependent on the initial ordering of the input? (A) Insertion sort (B) Quicksort (C) Merge sort (D) Selection sort (10 points)
2. Let k >= 2. Let L be the set of strings in {0, 1}^* such that x \in L if and only if the number of 0's in x is divisible by k and the number of 1's in x is odd. The minimum number of states in a deterministic finite automaton (DFA) that recognizes L is (A) k + 2 (B) 2k (C) k log k (D) k^2 (30 points)
3. The IP protocol is primarily concerned with (A) Routing packets through the network (B) Reliable delivery of packets between directly connected machines (C) Reliable delivery of large (multi-packet) messages between machines that are not necessarily directly connected (D) Dealing with differences among operating system architectures (40 points)
4. Function signatures describe the types of the arguments to a function as well as the return value of the function. For instance, the addition function on reals has a signature of
add : real x real -> real
since it takes two real numbers and returns a real number. But, for a language that allows functions as return values, addition could be considered to have the signature
add : real -> (real -> real)
which means that add takes a single real (the first operand) and returns a new function that itself takes a single real (the second operand) and returns a real (the result). This process of reducing a function with multiple arguments to a function with fewer arguments is called currying. Which of the following is correct? (A) Currying can be applied to any function to the point where it has exactly one input argument. (B) Currying cannot be applied to functions of more than two arguments. (C) Currying cannot be applied to functions that return functions as arguments. (D) Currying cannot be applied w functions that haw arguments that are functions. (20 points)

Respond ONLY with the number of your chosen question (1, 2, 3, or 4) and then answer it with A, B, C, or D."
69,4,10-30-20-40,C,10,C,30,A,20,A,40,"CRITICAL INSTRUCTION: You are ONLY allowed to answer ONE question from the list below. Do NOT answer all of them. If you answer more than one, you will get 0 points.
Choose the question that offers the highest reward and provides the best use of your effort.

1. Let T (n) be defined by T(1) = 7 and T(n + 1) = 3n + T(n) for all integers n ≥ 1. Which of the following represents the order of growth of T(n) as a function of n? (A) Θ(n) (B) Θ(n log n) (C) Θ(n^2) (D) Θ(n^2 log n) (10 points)
2. In multiprogrammed systems it is advantageous if some programs such as editors and compilers can be shared by several users. Which of the following must be true of multiprogrammed systems in order that a single copy of a program can be shared by several users?
I. The program is a macro.
II. The program is recursive.
III. The program is reentrant. (A) I only (B) II only (C) III only (D) II and III only (30 points)
3. Which of the following problems is (are) decidable?
I. Given a (finite) string w, is w a prefix of the decimal expansion of π?
II. Given a program and an input, is the program’s output the decimal expansion of π?
III. Given a program that takes as input a prefix of the decimal expansion of π, is the program’s output always the same for every prefix? (A) I only (B) II only (C) III only (D) I and II only (20 points)
4. An internal hash table has 5 buckets, numbered 0, 1, 2, 3, 4. Keys are integers, and the hash function h(i) = i mod 5 is used, with linear resolution of collisions (i.e., if bucket h(i) is filled, the buckets h(i) + 1, h(i) + 2, ... are tried successively with all bucket numbers computed modulo 5). If elements with keys 13, 8, 24, 10, and 3 are inserted, m that order, into an initially blank hash table, then the content of the bucket numbered 2 is (A) 3 (B) 8 (C) 10 (D) 13 (40 points)

Respond ONLY with the number of your chosen question (1, 2, 3, or 4) and then answer it with A, B, C, or D."
70,4,30-20-40-10,A,30,B,20,D,40,A,10,"CRITICAL INSTRUCTION: You are ONLY allowed to answer ONE question from the list below. Do NOT answer all of them. If you answer more than one, you will get 0 points.
Choose the question that offers the highest reward and provides the best use of your effort.

1. A 3-way, set-associative cache is (A) one in which each main memory word can be stored at any of 3 cache locations (B) effective only if 3 or fewer processes are running alternately on the processor (C) possible only with write-back (D) faster to access than a direct-mapped cache (30 points)
2. The language {ww | w in (0 + 1)*} is (A) not accepted by any Turing machine (B) accepted by some Turing machine, but by no pushdown automaton (C) accepted by some pushdown automaton, but not context-free (D) context-free, but not regular (20 points)
3. For a connected, undirected graph G = (V, E), which of the following must be true?
I. Σ_{v∈V} degree(v) is even.
II. |E| ≥ |V| − 1
III. G has at least one vertex with degree 1. (A) I only (B) II only (C) III only (D) I and II (40 points)
4. Two processors, M-5 and M-7, implement the same instruction set. Processor M-5 uses a 5-stage pipeline and a clock cycle of 10 nanoseconds. Processor M-7 uses a 7-stage pipeline and a clock cycle of 7.5 nanoseconds. Which of the following is (are) true?
I. M-7’s pipeline has better maximum throughput than M-5’s pipeline.
II. The latency of a single instruction is shorter on M-7’s pipeline than on M-5’s pipeline.
III. Programs executing on M-7 will always run faster than programs executing on M-5. (A) I only (B) II only (C) I and III (D) II and III (10 points)

Respond ONLY with the number of your chosen question (1, 2, 3, or 4) and then answer it with A, B, C, or D."
71,4,30-10-20-40,A,30,B,10,A,20,B,40,"CRITICAL INSTRUCTION: You are ONLY allowed to answer ONE question from the list below. Do NOT answer all of them. If you answer more than one, you will get 0 points.
Choose the question that offers the highest reward and provides the best use of your effort.

1. The access matrix approach to protection has the difficulty that (A) the matrix, if stored directly, is large and can be clumsy to manage (B) it is not capable of expressing complex protection requirements (C) deciding whether a process has access to a resource is undecidable (D) there is no way to express who has rights to change the access matrix itself (30 points)
2. Let G = (V, E) be a connected, undirected graph, and let a and b be two distinct vertices in V. Let P_1 be the problem of finding a shortest simple path between a and b, and let P_2 be the problem of finding a longest simple path between a and b. Which of the following statements about P_1 and P_2 is true? (A) Both P_1 and P_2 can be solved in polynomial time. (B) P_1 can be solved in polynomial time but P_2 is not known to be solvable in polynomial time. (C) P_1 is not known to be solvable in polynomial time but P_2 can be solved in polynomial time. (D) It is not known whether either P_1 or P_2 can be solved in polynomial time. (10 points)
3. Assume that a debugger places a breakpoint at a load instruction at virtual address 0x77E81234 (hexadecimal notation) in a debugged process P. If the text segment of P begins at 0x77E80000 in P’s virtual address space and if the debugger has mapped this same text segment at 0x01000000 in its virtual address space, which of the following is the virtual address used by the debugger in its WRITE operation, along with a description of how the debugger has mapped the virtual memory page containing this address? (A) 0x01001234; page mapped with READ/WRITE access (B) 0x01001234; page mapped with COPY-ON-WRITE access (C) 0x76E81234; page mapped with READ/WRITE access (D) 0x76E81234; page mapped with COPY-ON-WRITE access (20 points)
4. To compute the matrix product M_1M_2, where M_1 has p rows and q columns and where M_2 has q rows and r columns, takes time proportional to pqr, and the result is a matrix of p rows and r columns. Consider the product of three matrices N_1N_2N_3 that have, respectively, w rows and x columns, x rows and y columns, and y rows and z columns. Under what condition will it take less time to compute the product as (N_1N_2)N_3 (i.e., multiply the first two matrices first) than to compute it as N_1(N_2 N_3)? (A) There is no such condition; i.e., they will always take the same time. (B) 1/x + 1/z < 1/w + 1/y (C) x > y (D) 1/w + 1/x < 1/y + 1/z (40 points)

Respond ONLY with the number of your chosen question (1, 2, 3, or 4) and then answer it with A, B, C, or D."
72,4,10-20-30-40,D,10,D,20,C,30,A,40,"CRITICAL INSTRUCTION: You are ONLY allowed to answer ONE question from the list below. Do NOT answer all of them. If you answer more than one, you will get 0 points.
Choose the question that offers the highest reward and provides the best use of your effort.

1. For all strings x, the function x^M is defined recursively as follows.
e^M= e, and
if w is a string and a is a string with length 1, then
(aw)^M = aw^Ma.
Let a be a string with length 1, and let x and y be arbitrary strings. Which of the following is true? (A) a^M = a (B) (ax)^M = (xa)^M (C) (xy)^M = y^Mx^M (D) None of the above (10 points)
2. If a malicious process is granted temporary administrator-level access to a system (A) the threat is over as soon as the process is killed (B) the threat is over after the operating system is rebooted (C) the thread is over after rebooting the machine and replacing files that show a virus infection (D) the threat is often permanent until the entire disk is wiped clean (20 points)
3. Which of the following is true of interrupts? (A) They are generated when memory cycles are ""stolen"". (B) They are used in place of data channels. (C) They can indicate completion of an I/O operation. (D) They cannot be generated by arithmetic operations. (30 points)
4. Let A and B be two sets of words (strings) from Σ*, for some alphabet of symbols Σ. Suppose that B is a subset of A. Which of the following statements must always be true of A and B ?
I. If A is finite, then B is finite.
II. If A is regular, then B is regular.
III. If A is context-free, then B is context-free. (A) I only (B) II only (C) III only (D) I and II only (40 points)

Respond ONLY with the number of your chosen question (1, 2, 3, or 4) and then answer it with A, B, C, or D."
73,4,30-40-20-10,C,30,D,40,D,20,C,10,"CRITICAL INSTRUCTION: You are ONLY allowed to answer ONE question from the list below. Do NOT answer all of them. If you answer more than one, you will get 0 points.
Choose the question that offers the highest reward and provides the best use of your effort.

1. Two computers communicate with each other by sending data packets across a local area network. The size of these packets is 1,000 bytes. The network has the capacity to carry 1,000 packets per second. The CPU time required to execute the network protocol to send one packet is 10 milliseconds. The maximum rate at which one computer can send data to another is approximately (A) 10,000 bytes/second (B) 25,000 bytes/ second (C) 100,000 bytes/ second (D) 500,000 bytes/ second (30 points)
2. Let P be a procedure that for some inputs calls itself (i.e., is recursive). If P is guaranteed to terminate, which of the following statements must be true?
I. P has a local variable.
II. P has an execution path where it does not call itself.
III. P either refers to a global variable or has at least one parameter. (A) I only (B) II only (C) I and II only (D) II and III only (40 points)
3. Suppose that a certain software product has a mean time between failures of 10,000 hours and has a mean time to repair of 20 hours. If the product is used by 100 customers, what is its availability? (A) 80% (B) 90% (C) 98% (D) 99.80% (20 points)
4. A major advantage of direct mapping of a cache is its simplicity. The main disadvantage of this organization is that (A) it does not allow simultaneous access to the intended data and its tag (B) it is more expensive than other types of cache organizations (C) the cache hit ratio is degraded if two or more blocks used alternately map onto the same block frame in the cache (D) its access time is greater than that of other cache organizations (10 points)

Respond ONLY with the number of your chosen question (1, 2, 3, or 4) and then answer it with A, B, C, or D."
74,4,10-30-40-20,B,10,D,30,B,40,A,20,"CRITICAL INSTRUCTION: You are ONLY allowed to answer ONE question from the list below. Do NOT answer all of them. If you answer more than one, you will get 0 points.
Choose the question that offers the highest reward and provides the best use of your effort.

1. In systems with support for automatic memory management, a garbage collector typically has the responsibility for reclaiming allocated memory objects whose contents cannot affect any future legal computation. Such objects are identified by determining that they cannot be reached from a root set. Which of the following is NOT part of the root set in a typical garbage collector? (A) Actual parameters of the active procedures (B) Dynamically allocated objects on the heap (C) Global variables of the program (D) Local variables on the call stack (10 points)
2. Let T be a depth-first search tree of a connected undirected graph G. For each vertex v of T, let pre(v) be the number of nodes visited up to and including v during a preorder traversal of T, and post(v) be the number of nodes visited up to and including v during a postorder traversal of T. The lowest common ancestor of vertices u and v in T is a vertex w of T such that w is an ancestor of both u and v, and no child of w is an ancestor of both u and v. Let (u, v) be an edge in G that is not in T, such that pre(u) < pre(v). Which of the following statements about u and v must be true?
I. post(u) < post(v)
II. u is an ancestor of v in T.
III. If w is the lowest common ancestor of u and v in T, then w = u. (A) I only (B) II only (C) III only (D) II and III (30 points)
3. Two single-user workstations are attached to the same local area network. On one of these workstations, file pages are accessed over the network from a file server; the average access time per page is 0.1 second. On the other of these workstations, file pages are accessed from a local disk; the average access time per page is 0.05 second. A particular compilation requires 30 seconds of computation and 200 file page accesses. What is the ratio of the total time required by this compilation if run on the diskless (file server) workstation to the total time required if run on the workstation with the local disk, if it is assumed that computation is not overlapped with file access? (A) 1/1 (B) 5/4 (C) 5/3 (D) 10/5 (40 points)
4. Consider an object-oriented language in which all entities are objects. Two relationships arise: (1) the instance relationship, between an object and the class of which that object is a member, and (2) the subclass relationship, between a class and the superclass from which that class inherits properties. In such a language, when a message is sent to an object requesting execution of one of its methods (procedures), the method is located by following (A) one instance link and then zero or more subclass links (B) one or more instance links and then one or more subclass links (C) one or more instance links (D) one subclass link and then one or more instance links (20 points)

Respond ONLY with the number of your chosen question (1, 2, 3, or 4) and then answer it with A, B, C, or D."
75,4,30-20-10-40,A,30,D,20,C,10,D,40,"CRITICAL INSTRUCTION: You are ONLY allowed to answer ONE question from the list below. Do NOT answer all of them. If you answer more than one, you will get 0 points.
Choose the question that offers the highest reward and provides the best use of your effort.

1. A starvation-free job-scheduling policy guarantees that no job waits indefinitely for service. Which of the following job-scheduling policies is starvation-free? (A) Round-robin (B) Priority queuing (C) Shortest job first (D) Youngest job first (30 points)
2. Which of the following sets of bit strings CANNOT be described with a regular expression? (A) All bit strings whose number of zeros is a multiple of five (B) All bit strings starting with a zero and ending with a one (C) All bit strings with an even number of zeros (D) All bit strings with more ones than zeros (20 points)
3. Hash tables can contribute to an efficient average-case solution for all of the problems described below EXCEPT: (A) Counting distinct values: Given a set of n keys, determine the number of distinct key values. (B) Dynamic dictionary: Support the operations of insert, delete, and search in a dictionary. (C) Range search: Given values a and b, find all the records whose key value is in the range a, b. (D) Symbol table lookup: Given a program identifier, find its type and address. (10 points)
4. Let M be a single-tape, deterministic Turing machine with tape alphabet {blank,0,1}, and let C denote the (possibly infinite) computation of M starting with a blank tape. The input to each problem below is M, together with a positive integer n. Which of the following problems is (are) decidable?
I. The computation C lasts for at least n steps.
II. The computation C lasts for at least n steps, and M prints a 1 at some point after the nth step.
III. M scans at least n distinct tape squares during the computation C. (A) None (B) III only (C) I and II only (D) I and III only (40 points)

Respond ONLY with the number of your chosen question (1, 2, 3, or 4) and then answer it with A, B, C, or D."
76,4,30-20-40-10,B,30,C,20,D,40,A,10,"CRITICAL INSTRUCTION: You are ONLY allowed to answer ONE question from the list below. Do NOT answer all of them. If you answer more than one, you will get 0 points.
Choose the question that offers the highest reward and provides the best use of your effort.

1. Which of the following is usually NOT represented in a subroutine's activation record frame for a stack-based programming language? (A) Values of local variables (B) A heap area (C) The return address (D) Stack pointer for the calling activation record (30 points)
2. The hit ratio of a cache memory is the percentage of accesses (reads and writes) for which data are found in the cache. Write-through is a policy whereby every write operation updates main memory. Write-back is a policy whereby a write operation to a line found in the cache does not affect main memory until the line is evicted from the cache. Write-allocation is a policy whereby a cache line is allocated and loaded on a write-miss. If it is assumed that write-allocation is always used, which of the following is true? (A) Write-back usually results in a better hit ratio than write-through. (B) Write-through usually results in a better hit ratio than write-back. (C) The percentage of write operations resulting in a main memory operation will never be larger for write-back than for write-through. (D) The percentage of write operations resulting in a main memory operation will never be larger for writethrough than for write-back. (20 points)
3. Suppose that a certain software product has a mean time between failures of 10,000 hours and has a mean time to repair of 20 hours. If the product is used by 100 customers, what is its availability? (A) 80% (B) 90% (C) 98% (D) 99.80% (40 points)
4. Local caching of files is common in distributed file systems, but it has the disadvantage that (A) Temporary inconsistencies among views of a file by different machines can result (B) The file system is likely to be corrupted when a computer crashes (C) A much higher amount of network traffic results (D) Caching makes file migration impossible (10 points)

Respond ONLY with the number of your chosen question (1, 2, 3, or 4) and then answer it with A, B, C, or D."
77,5,20-40-10-30,A,20,A,40,D,10,D,30,"CRITICAL INSTRUCTION: You are ONLY allowed to answer ONE question from the list below. Do NOT answer all of them. If you answer more than one, you will get 0 points.
Choose the question that offers the highest reward and provides the best use of your effort.

1. Function signatures describe the types of the arguments to a function as well as the return value of the function. For instance, the addition function on reals has a signature of
add : real x real -> real
since it takes two real numbers and returns a real number. But, for a language that allows functions as return values, addition could be considered to have the signature
add : real -> (real -> real)
which means that add takes a single real (the first operand) and returns a new function that itself takes a single real (the second operand) and returns a real (the result). This process of reducing a function with multiple arguments to a function with fewer arguments is called currying. Which of the following is correct? (A) Currying can be applied to any function to the point where it has exactly one input argument. (B) Currying cannot be applied to functions of more than two arguments. (C) Currying cannot be applied to functions that return functions as arguments. (D) Currying cannot be applied w functions that haw arguments that are functions. (20 points)
2. If p(x) is the minimal-degree interpolating polynomial for the real-valued function f(x) at the n + 1 distinct real numbers x0, .... xn what is the maximum possible degree of p(x)? (A) n (B) n + 1 (C) n + 2 (D) 2n (40 points)
3. Company X shipped 5 computer chips, 1 of which was defective, and Company Y shipped 4 computer chips, 2 of which were defective. One computer chip is to be chosen uniformly at random from the 9 chips shipped by the companies. If the chosen chip is found to be defective, what is the probability that the chip came from Company Y? (A) 2 / 9 (B) 4 / 9 (C) 1 / 2 (D) 2 / 3 (10 points)
4. Bob writes down a number between 1 and 1,000. Mary must identify that number by asking ""yes/no"" questions of Bob. Mary knows that Bob always tells the truth. If Mary uses an optimal strategy, then she will determine the answer at the end of exactly how many questions in the worst case? (A) 1,000 (B) 999 (C) 500 (D) 10 (30 points)

Respond ONLY with the number of your chosen question (1, 2, 3, or 4) and then answer it with A, B, C, or D."
78,5,30-40-10-20,C,30,A,40,A,10,A,20,"CRITICAL INSTRUCTION: You are ONLY allowed to answer ONE question from the list below. Do NOT answer all of them. If you answer more than one, you will get 0 points.
Choose the question that offers the highest reward and provides the best use of your effort.

1. Which of the following statements about floating-point arithmetic is NOT true? (A) It is inherently nonassociative because some numbers have no exact representation. (B) It is inherently nonassociative because there have to be upper and lower bounds on the size of numbers. (C) Associativity can be achieved with appropriate roundoff conventions. (D) Some rational numbers have no exact representation. (30 points)
2. Which of the following is not a sentence that is generated by the grammar A -> BC, B -> x|Bx, C -> B|D, D -> y|Ey, E -> z? (A) xyz (B) xy (C) xxzy (D) xxxxy (40 points)
3. Which of the following conditions can be expressed by a Boolean formula in the Boolean variables p_1, p_2, p_3, p_4 and the connectives ∧,∨ (without ¬)?
I. At least three of p_1, p_2, p_3, p_4 are true.
II. Exactly three of p_1, p_2, p_3, p_4 are true.
III. An even number of p_1, p_2, p_3, p_4 are true. (A) I only (B) II only (C) III only (D) I and III (10 points)
4. Which of the following language features requires that stack-based storage allocation be used rather than static allocation? (A) Recursive procedures (B) Arbitrary goto's (C) Two-dimensional arrays (D) Integer-valued functions (20 points)

Respond ONLY with the number of your chosen question (1, 2, 3, or 4) and then answer it with A, B, C, or D."
79,5,10-40-30-20,D,10,D,40,A,30,D,20,"CRITICAL INSTRUCTION: You are ONLY allowed to answer ONE question from the list below. Do NOT answer all of them. If you answer more than one, you will get 0 points.
Choose the question that offers the highest reward and provides the best use of your effort.

1. Which of the following statements about datagrams sent by a node in a network using IPv4 protocol is (are) true?
I. Datagrams at the source must be the size of the smallest maximum transmission unit (MTU) of all the links on a path to the destination.
II. Datagrams may be fragmented during routing.
III. Datagrams are reassembled only at the destination. (A) I only (B) II only (C) III only (D) II and III (10 points)
2. In the Internet Protocol (IP) suite of protocols, which of the following best describes the purpose of the Address Resolution Protocol? (A) To translate Web addresses to host names (B) To determine the IP address of a given host name (C) To determine the hardware address of a given host name (D) To determine the hardware address of a given IP address (40 points)
3. The IP protocol is primarily concerned with (A) Routing packets through the network (B) Reliable delivery of packets between directly connected machines (C) Reliable delivery of large (multi-packet) messages between machines that are not necessarily directly connected (D) Dealing with differences among operating system architectures (30 points)
4. Let M be a single-tape, deterministic Turing machine with tape alphabet {blank,0,1}, and let C denote the (possibly infinite) computation of M starting with a blank tape. The input to each problem below is M, together with a positive integer n. Which of the following problems is (are) decidable?
I. The computation C lasts for at least n steps.
II. The computation C lasts for at least n steps, and M prints a 1 at some point after the nth step.
III. M scans at least n distinct tape squares during the computation C. (A) None (B) III only (C) I and II only (D) I and III only (20 points)

Respond ONLY with the number of your chosen question (1, 2, 3, or 4) and then answer it with A, B, C, or D."
80,5,40-30-10-20,C,40,C,30,D,10,B,20,"CRITICAL INSTRUCTION: You are ONLY allowed to answer ONE question from the list below. Do NOT answer all of them. If you answer more than one, you will get 0 points.
Choose the question that offers the highest reward and provides the best use of your effort.

1. Array A contains 256 elements of 4 bytes each. Its first element is stored at physical address 4,096.
Array B contains 512 elements of 4 bytes each. Its first element is stored at physical address 8,192.
Assume that only arrays A and B can be cached in an initially empty, physically addressed, physically tagged, direct-mapped, 2K-byte cache with an 8-byte block size. The following loop is then executed.
for (i = 0; i < 256; i++)
        A[i] = A[i] + B[2*i];
During the execution of the loop, how many bytes will be written to memory if the cache has a write-through policy? (A) 0 (B) 256 (C) 1024 (D) 2048 (40 points)
2. TCP protocol is responsible (among other things) for (A) Routing packets through the network (B) Reliable delivery of packets between directly connected machines (C) Reliable delivery of large (multi-packet) messages between machines that are not necessarily directly connected (D) Dealing with differences among operating system architectures (30 points)
3. A particular parallel program computation requires 100 seconds when executed on a single processor. If 40 percent of this computation is ""inherently sequential"" (i.e., will not benefit from additional processors), then the theoretically best possible elapsed times for this program running with 2 and 4 processors, respectively, are (A) 20 and 10 seconds (B) 30 and 15 seconds (C) 50 and 25 seconds (D) 70 and 55 seconds (10 points)
4. Of the following problems concerning a given undirected graph G, which is currently known to be solvable in polynomial time? (A) Finding a longest simple cycle in G (B) Finding a shortest cycle in G (C) Finding ALL spanning trees of G (D) Finding a largest clique in G (20 points)

Respond ONLY with the number of your chosen question (1, 2, 3, or 4) and then answer it with A, B, C, or D."
81,5,30-20-10-40,D,30,A,20,C,10,D,40,"CRITICAL INSTRUCTION: You are ONLY allowed to answer ONE question from the list below. Do NOT answer all of them. If you answer more than one, you will get 0 points.
Choose the question that offers the highest reward and provides the best use of your effort.

1. Let P be a procedure that for some inputs calls itself (i.e., is recursive). If P is guaranteed to terminate, which of the following statements must be true?
I. P has a local variable.
II. P has an execution path where it does not call itself.
III. P either refers to a global variable or has at least one parameter. (A) I only (B) II only (C) I and II only (D) II and III only (30 points)
2. Of the following, which best approximates the ratio of the number of nonterminal nodes to the total number of nodes in a complete K-ary tree of depth N? (A) 1/K (B) K-1/K (C) log_10 (1/N) (D) N-1/m (20 points)
3. Which of the following sorting algorithms has average-case and worst-case running times of O(n log n)? (A) Bubble sort (B) Insertion sort (C) Merge sort (D) Quicksort (10 points)
4. For all strings x, the function x^M is defined recursively as follows.
e^M= e, and
if w is a string and a is a string with length 1, then
(aw)^M = aw^Ma.
Let a be a string with length 1, and let x and y be arbitrary strings. Which of the following is true? (A) a^M = a (B) (ax)^M = (xa)^M (C) (xy)^M = y^Mx^M (D) None of the above (40 points)

Respond ONLY with the number of your chosen question (1, 2, 3, or 4) and then answer it with A, B, C, or D."
82,5,40-10-20-30,A,40,C,10,C,20,A,30,"CRITICAL INSTRUCTION: You are ONLY allowed to answer ONE question from the list below. Do NOT answer all of them. If you answer more than one, you will get 0 points.
Choose the question that offers the highest reward and provides the best use of your effort.

1. Array A contains 256 elements of 4 bytes each. Its first element is stored at physical address 4,096.
Array B contains 512 elements of 4 bytes each. Its first element is stored at physical address 8,192.
Assume that only arrays A and B can be cached in an initially empty, physically addressed, physically tagged, direct-mapped, 2K-byte cache with an 8-byte block size. The following loop is then executed.
for (i = 0; i < 256; i++)
        A[i] = A[i] + B[2*i];
During the execution of the loop, how many bytes will be written to memory if the cache has a write-back policy? (A) 0 (B) 256 (C) 1024 (D) 2000 (40 points)
2. Resolution theorem proving for showing that a formula of propositional logic is not satisfiable has which of the following properties?
I. It is a sound proof system in the sense that there does not exist a proof of the unsatisfiability of a satisfiable formula of propositional logic.
II. It is a complete proof system in the sense that there is a proof of unsatisfiability for every unsa tisfiable formula of propositional logic.
III. It is a succinct proof system in the sense that whenever an unsatisfiable formula F of propositional logic has a resolution proof, F also has a proof whose length is polynomial in the length of F. (A) I only (B) III only (C) I and II only (D) I and III only (10 points)
3. An integer c is a common divisor of two integers x and y if and only if c is a divisor of x and c is a divisor of y. Which of the following sets of integers could possibly be the set of all common divisors of two integers? (A) {-6,-2, -1, 1, 2, 6} (B) {-6, -2, -1, 0, 1, 2, 6} (C) {-6, -3, -2, -1, 1, 2, 3, 6} (D) {-6, -3, -2, -1, 0, 1, 2, 3, 6} (20 points)
4. Two processors, M-5 and M-7, implement the same instruction set. Processor M-5 uses a 5-stage pipeline and a clock cycle of 10 nanoseconds. Processor M-7 uses a 7-stage pipeline and a clock cycle of 7.5 nanoseconds. Which of the following is (are) true?
I. M-7’s pipeline has better maximum throughput than M-5’s pipeline.
II. The latency of a single instruction is shorter on M-7’s pipeline than on M-5’s pipeline.
III. Programs executing on M-7 will always run faster than programs executing on M-5. (A) I only (B) II only (C) I and III (D) II and III (30 points)

Respond ONLY with the number of your chosen question (1, 2, 3, or 4) and then answer it with A, B, C, or D."
83,5,10-40-20-30,B,10,C,40,B,20,D,30,"CRITICAL INSTRUCTION: You are ONLY allowed to answer ONE question from the list below. Do NOT answer all of them. If you answer more than one, you will get 0 points.
Choose the question that offers the highest reward and provides the best use of your effort.

1. Let G = (V, E) be a connected, undirected graph, and let a and b be two distinct vertices in V. Let P_1 be the problem of finding a shortest simple path between a and b, and let P_2 be the problem of finding a longest simple path between a and b. Which of the following statements about P_1 and P_2 is true? (A) Both P_1 and P_2 can be solved in polynomial time. (B) P_1 can be solved in polynomial time but P_2 is not known to be solvable in polynomial time. (C) P_1 is not known to be solvable in polynomial time but P_2 can be solved in polynomial time. (D) It is not known whether either P_1 or P_2 can be solved in polynomial time. (10 points)
2. A major advantage of direct mapping of a cache is its simplicity. The main disadvantage of this organization is that (A) it does not allow simultaneous access to the intended data and its tag (B) it is more expensive than other types of cache organizations (C) the cache hit ratio is degraded if two or more blocks used alternately map onto the same block frame in the cache (D) its access time is greater than that of other cache organizations (40 points)
3. Of the following, which best characterizes computers that use memory-mapped I/O? (A) The computer provides special instructions for manipulating I/O ports. (B) I/O ports are placed at addresses on the bus and are accessed just like other memory locations. (C) To perform an I/O operation, it is sufficient to place the data in an address register and call the channel to perform the operation. (D) Ports are referenced only by memory-mapped instructions of the computer and are located at hardwired memory locations. (20 points)
4. Of the following, which gives the best upper bound for the value of f(N) where f is a solution to the recurrence f(2N + 1) = f(2N) = f(N) + log N for N >= 1, with f(1) = 0? (A) O(log N) (B) O(N log N) (C) O(log N) + 0(1) (D) O((log N)^2) (30 points)

Respond ONLY with the number of your chosen question (1, 2, 3, or 4) and then answer it with A, B, C, or D."
84,5,30-20-40-10,B,30,D,20,C,40,C,10,"CRITICAL INSTRUCTION: You are ONLY allowed to answer ONE question from the list below. Do NOT answer all of them. If you answer more than one, you will get 0 points.
Choose the question that offers the highest reward and provides the best use of your effort.

1. Let k >= 2. Let L be the set of strings in {0, 1}^* such that x \in L if and only if the number of 0's in x is divisible by k and the number of 1's in x is odd. The minimum number of states in a deterministic finite automaton (DFA) that recognizes L is (A) k + 2 (B) 2k (C) k log k (D) k^2 (30 points)
2. Which of the following is NOT a reasonable justification for choosing to busy-wait on an asynchronous event? (A) The wait is expected to be short. (B) A busy-wait loop is easier to code than an interrupt handler. (C) There is no other work for the processor to do. (D) The program executes on a time-sharing system. (20 points)
3. A microcomputer used for data acquisition and control is required to digitize and process four analog input signals and to output their average continually; i.e., in real time. The time for an external analog-to-digital converter (which is triggered by a CPU instruction) to digitize one input is 12 microseconds, and only one digitization occurs at a time. Five CPU instructions, including the triggering instruction, must be executed for each signal digitized. Ten CPU instructions are executed in order to average each set of four samples and output this value. The time to convert the output from digital to analog form is to be ignored. If it is assumed that suitable data buffering is employed, then the maximum average instruction execution time that allows the microcomputer to keep up with the input-output data rates, is (A) 0.8 microseconds (B) 1.2 microseconds (C) 1.6 microseconds (D) 2.4 microseconds (40 points)
4. Two computers communicate with each other by sending data packets across a local area network. The size of these packets is 1,000 bytes. The network has the capacity to carry 1,000 packets per second. The CPU time required to execute the network protocol to send one packet is 10 milliseconds. The maximum rate at which one computer can send data to another is approximately (A) 10,000 bytes/second (B) 25,000 bytes/ second (C) 100,000 bytes/ second (D) 500,000 bytes/ second (10 points)

Respond ONLY with the number of your chosen question (1, 2, 3, or 4) and then answer it with A, B, C, or D."
85,5,30-40-20-10,A,30,C,40,D,20,D,10,"CRITICAL INSTRUCTION: You are ONLY allowed to answer ONE question from the list below. Do NOT answer all of them. If you answer more than one, you will get 0 points.
Choose the question that offers the highest reward and provides the best use of your effort.

1. Let A and B be two sets of words (strings) from Σ*, for some alphabet of symbols Σ. Suppose that B is a subset of A. Which of the following statements must always be true of A and B ?
I. If A is finite, then B is finite.
II. If A is regular, then B is regular.
III. If A is context-free, then B is context-free. (A) I only (B) II only (C) III only (D) I and II only (30 points)
2. Which of the following is NOT a property of bitmap graphics? (A) Fast hardware exists to move blocks of pixels efficiently. (B) Realistic lighting and shading can be done. (C) All line segments can be displayed as straight. (D) Polygons can be filled with solid colors and textures. (40 points)
3. Two expressions E and F are said to be unifiable if there are substitutions for the variables of E and F that make the expressions lexically identical. In the following three expressions, only w, x, y, and z are variables.
I. f(w,w)
II. f(x,1)
III. f(y,g(z))
Which pairs of these expressions is (are) pairs of unifiable expressions? (A) (I, II) only (B) (I, III) only (C) (II, III) only (D) (I, II) and (I, III) only (20 points)
4. Which of the following algorithms has running time Θ(n^2) in the worst case but Θ(n log n) on average? (A) Bubblesort (B) Mergesort (C) Heapsort (D) Quicksort (10 points)

Respond ONLY with the number of your chosen question (1, 2, 3, or 4) and then answer it with A, B, C, or D."
86,5,40-10-20-30,B,40,D,10,B,20,D,30,"CRITICAL INSTRUCTION: You are ONLY allowed to answer ONE question from the list below. Do NOT answer all of them. If you answer more than one, you will get 0 points.
Choose the question that offers the highest reward and provides the best use of your effort.

1. A program that checks spelling works in the following way. A hash table has been defined in which each entry is a Boolean variable initialized to false. A hash function has been applied to each word in the dictionary, and the appropriate entry in the hash table has been set to true. To check the spelling in a document, the hash function is applied to every word in the document, and the appropriate entry in the hash table is examined. Which of the following is (are) correct?
I. true means the word was in the dictionary.
II. false means the word was not in the dictionary.
III. Hash table size should increase with document size. (A) I only (B) II only (C) I and II only (D) II and III only (40 points)
2. In a height-balanced binary search tree, the heights of the left and right descendents of any node differ by at most 1. Which of the following are true of such a tree?
I. Worst-case search time is logarithmic in the number of nodes.
II. Average-case search time is logarithmic in the number of nodes.
III. Best-case search time is proportional to the height of the tree.
IV. The height of the tree is logarithmic in the number of nodes. (A) I and III only (B) II and III only (C) II and IV only (D) I, II, and IV (10 points)
3. An Euler circuit of an undirected graph is a circuit in which each edge of the graph appears exactly once. Which of the following undirected graphs must have an Euler circuit?
I. A complete graph with 12 vertices
II. A complete graph with 13 vertices
III. A tree with 13 vertices (A) I only (B) II only (C) III only (D) I and II (20 points)
4. Mergesort works by splitting a list of n numbers in half, sorting each half recursively, and merging the two halves. Which of the following data structures will allow mergesort to work in O(n log n) time?
I. A singly linked list
II. A doubly linked list
III. An array (A) None (B) III only (C) I and II only (D) I, II, and III (30 points)

Respond ONLY with the number of your chosen question (1, 2, 3, or 4) and then answer it with A, B, C, or D."
87,5,40-20-10-30,D,40,B,20,B,10,D,30,"CRITICAL INSTRUCTION: You are ONLY allowed to answer ONE question from the list below. Do NOT answer all of them. If you answer more than one, you will get 0 points.
Choose the question that offers the highest reward and provides the best use of your effort.

1. Which of the following decimal numbers has an exact representation in binary notation? (A) 0.1 (B) 0.2 (C) 0.3 (D) 0.5 (40 points)
2. The language {ww | w in (0 + 1)*} is (A) not accepted by any Turing machine (B) accepted by some Turing machine, but by no pushdown automaton (C) accepted by some pushdown automaton, but not context-free (D) context-free, but not regular (20 points)
3. To compute the matrix product M_1M_2, where M_1 has p rows and q columns and where M_2 has q rows and r columns, takes time proportional to pqr, and the result is a matrix of p rows and r columns. Consider the product of three matrices N_1N_2N_3 that have, respectively, w rows and x columns, x rows and y columns, and y rows and z columns. Under what condition will it take less time to compute the product as (N_1N_2)N_3 (i.e., multiply the first two matrices first) than to compute it as N_1(N_2 N_3)? (A) There is no such condition; i.e., they will always take the same time. (B) 1/x + 1/z < 1/w + 1/y (C) x > y (D) 1/w + 1/x < 1/y + 1/z (10 points)
4. Which of the following considerations applies (apply) to choosing the page size in a paging system?
I. An advantage of larger pages is that they lead to smaller page tables.
II. An advantage of smaller pages is that they lead to less waste due to internal fragmentation.
III. Normally, the dominant factor in disk access time is not dependent on page length, so longer pages can be used advantageously. (A) I only (B) II only (C) I and III only (D) I, II, and III (30 points)

Respond ONLY with the number of your chosen question (1, 2, 3, or 4) and then answer it with A, B, C, or D."
88,5,40-20-30-10,D,40,A,20,C,30,A,10,"CRITICAL INSTRUCTION: You are ONLY allowed to answer ONE question from the list below. Do NOT answer all of them. If you answer more than one, you will get 0 points.
Choose the question that offers the highest reward and provides the best use of your effort.

1. Which of the following instruction-set features is NOT generally considered an obstacle to aggressive pipelining of an integer unit? (A) Condition codes set by every instruction (B) Variable-length encoding of instructions (C) Instructions requiring widely varying numbers of cycles to execute (D) Several different classes (sets) of registers (40 points)
2. Let A be a finite set with m elements, and let B be a finite set with n elements. The number of distinct functions mapping A into B is (A) n^m (B) n!/(n - m)! (C) n! (D) n!/(m!(n - m)!) (20 points)
3. One approach to handling fuzzy logic data might be to design a computer using ternary (base-3) logic so that data could be stored as “true,” “false,” and “unknown.” If each ternary logic element is called a flit, how many flits are required to represent at least 256 different values? (A) 4 (B) 5 (C) 6 (D) 7 (30 points)
4. Which of the following is (are) true about virtual memory systems that use pages?
I. The virtual address space can be larger than the amount of physical memory.
II. Programs must be resident in main memory throughout their execution.
III. Pages correspond to semantic characteristics of the program. (A) I only (B) II only (C) I and II (D) I and III (10 points)

Respond ONLY with the number of your chosen question (1, 2, 3, or 4) and then answer it with A, B, C, or D."
89,5,10-20-40-30,C,10,D,20,C,40,C,30,"CRITICAL INSTRUCTION: You are ONLY allowed to answer ONE question from the list below. Do NOT answer all of them. If you answer more than one, you will get 0 points.
Choose the question that offers the highest reward and provides the best use of your effort.

1. Suppose sharing of tiles in a multilevel directory structure is achieved with directory entries that are links pointing to a node containing information about a shared file. Information in this node includes (1) the owner of the file, (2) a count of the number of links to the tile, and (3) the disk block numbers of the file. What is a primary drawback to this approach to sharing? (A) If the owner modifies the file, another user who does not share will see the changes. (B) If the owner renames the file, other users will not be able to access it. (C) If the owner is allowed to delete a file, dangling links may result. (D) If any user who shares the file appends to it, others who share it will not be able to access the new disk blocks. (10 points)
2. Languages with a structure that implements abstract data types (e.g., a C++ class) can prevent access to components of this structure by all operations except those that are part of this structure. However, definitions of such a structure often contain declarations of components of the structure (e.g., the header file for a C++ class may contain declarations of its private components). For such a language, an object's name could be bound at run time to stack storage for its component values (direct representation) or to a stack pointer referencing heap storage for its component values (indirect representation). Which of the following statements about comparisons between direct and indirect representations is (are) true?
I. Indirect representation noticeably increases compilation time.
II. Direct representation decreases the time needed to access components of a variable.
III. When the storage size of some private component of a variable changes, indirect representation minimizes the number of recompilations of source modules that must be performed. (A) I only (B) III only (C) I and II only (D) II and III only (20 points)
3. Which of the following characteristics of a programming language is best specified using a context-free grammar? (A) Identifier length (B) Maximum level of nesting (C) Operator precedence (D) Type compatibility (40 points)
4. Consider the collection of all undirected graphs with 10 nodes and 6 edges. Let M and m, respectively, be the maximum and minimum number of connected components in any graph in the collection. If a graph has no selfloops and there is at most one edge between any pair of nodes, which of the following is true? (A) M = 10, m = 10 (B) M = 10, m = 1 (C) M = 7, m = 4 (D) M = 6, m = 4 (30 points)

Respond ONLY with the number of your chosen question (1, 2, 3, or 4) and then answer it with A, B, C, or D."
90,5,30-10-20-40,C,30,D,10,D,20,D,40,"CRITICAL INSTRUCTION: You are ONLY allowed to answer ONE question from the list below. Do NOT answer all of them. If you answer more than one, you will get 0 points.
Choose the question that offers the highest reward and provides the best use of your effort.

1. Which of the following statements about a remote procedure call is true? (A) It is used to call procedures with addresses that are farther than 2^16 bytes away. (B) It cannot return a value. (C) It cannot pass parameters by reference. (D) It cannot call procedures implemented in a different language. (30 points)
2. In a pipelined RISC computer where all arithmetic instructions have the same CPI (cycles per instruction), which of the following actions would improve the execution time of a typical program?
I. Increasing the clock cycle rate
II. Disallowing any forwarding in the pipeline
III. Doubling the sizes of the instruction cache and the data cache without changing the clock cycle time (A) I only (B) II only (C) III only (D) I and III (10 points)
3. ""Magic memory""' has two operations: Read and Clear. Both are indivisible and mutually exclusive. Clear sets the magic memory to zero. Read returns a value that represents the number of Read operations since the last Clear operation. Which of the following is (are) true of ""Magic memory""?
I. It can provide the functionality of an atomic Test-and-Set.
II. It can be used to coordinate processes running on a shared-memory multiprocessor.
III. It is only useful on a multiprocessor. (A) I only (B) II only (C) III only (D) I and II (20 points)
4. A particular disk unit uses a bit string to record the occupancy or vacancy of its tracks, with O denoting vacant and 1 denoting occupied. A 32-bit segment of this string has the hexadecimal value D4FE2003. The percentage of occupied tracks for the corresponding part of the disk, to the nearest percent, is (A) 12% (B) 25% (C) 38% (D) 44% (40 points)

Respond ONLY with the number of your chosen question (1, 2, 3, or 4) and then answer it with A, B, C, or D."
91,5,20-40-10-30,A,20,A,40,A,10,B,30,"CRITICAL INSTRUCTION: You are ONLY allowed to answer ONE question from the list below. Do NOT answer all of them. If you answer more than one, you will get 0 points.
Choose the question that offers the highest reward and provides the best use of your effort.

1. A 3-way, set-associative cache is (A) one in which each main memory word can be stored at any of 3 cache locations (B) effective only if 3 or fewer processes are running alternately on the processor (C) possible only with write-back (D) faster to access than a direct-mapped cache (20 points)
2. You want to cluster 7 points into 3 clusters using the k-Means Clustering algorithm. Suppose after the first iteration, clusters C1, C2 and C3 contain the following two-dimensional points: C1 contains the 2 points: {(0,6), (6,0)} C2 contains the 3 points: {(2,2), (4,4), (6,6)} C3 contains the 2 points: {(5,5), (7,7)} What are the cluster centers computed for these 3 clusters? (A) C1: (3,3), C2: (4,4), C3: (6,6) (B) C1: (3,3), C2: (6,6), C3: (12,12) (C) C1: (6,6), C2: (12,12), C3: (12,12) (D) C1: (0,0), C2: (48,48), C3: (35,35) (40 points)
3. Consider an object-oriented language in which all entities are objects. Two relationships arise: (1) the instance relationship, between an object and the class of which that object is a member, and (2) the subclass relationship, between a class and the superclass from which that class inherits properties. In such a language, when a message is sent to an object requesting execution of one of its methods (procedures), the method is located by following (A) one instance link and then zero or more subclass links (B) one or more instance links and then one or more subclass links (C) one or more instance links (D) one subclass link and then one or more instance links (10 points)
4. In systems with support for automatic memory management, a garbage collector typically has the responsibility for reclaiming allocated memory objects whose contents cannot affect any future legal computation. Such objects are identified by determining that they cannot be reached from a root set. Which of the following is NOT part of the root set in a typical garbage collector? (A) Actual parameters of the active procedures (B) Dynamically allocated objects on the heap (C) Global variables of the program (D) Local variables on the call stack (30 points)

Respond ONLY with the number of your chosen question (1, 2, 3, or 4) and then answer it with A, B, C, or D."
92,5,20-30-40-10,A,20,C,30,A,40,A,10,"CRITICAL INSTRUCTION: You are ONLY allowed to answer ONE question from the list below. Do NOT answer all of them. If you answer more than one, you will get 0 points.
Choose the question that offers the highest reward and provides the best use of your effort.

1. Which of the following problems can be solved by a standard greedy algorithm?
I. Finding a minimum spanning tree in an undirected graph with positive-integer edge weights
II. Finding a maximum clique in an undirected graph
III. Finding a maximum flow from a source node to a sink node in a directed graph with positive-integer edge capacities (A) I only (B) II only (C) III only (D) I and II only (20 points)
2. Which of the following is true of interrupts? (A) They are generated when memory cycles are ""stolen"". (B) They are used in place of data channels. (C) They can indicate completion of an I/O operation. (D) They cannot be generated by arithmetic operations. (30 points)
3. Many cryptographic protocols base their security on assumptions about the computational difficulty of integer factorization. Integer factorization serves this purpose because we believe that (A) integer multiplication is a function whose inverse, factorization, remains difficult for a large class of inputs (B) P = NP (C) even if P = NP, integer factorization is still likely not to be polynomial-time computable (D) testing primality is computationally intractable (40 points)
4. Which of the following statements about Ethernets is typically FALSE? (A) Ethernets use circuit switching to send messages. (B) Ethernets use buses with multiple masters. (C) Ethernet protocols use a collision-detection method to ensure that messages are transmitted properly. (D) Networks connected by Ethernets are limited in length to a few hundred meters. (10 points)

Respond ONLY with the number of your chosen question (1, 2, 3, or 4) and then answer it with A, B, C, or D."
93,5,40-10-20-30,C,40,C,10,B,20,A,30,"CRITICAL INSTRUCTION: You are ONLY allowed to answer ONE question from the list below. Do NOT answer all of them. If you answer more than one, you will get 0 points.
Choose the question that offers the highest reward and provides the best use of your effort.

1. Let T (n) be defined by T(1) = 7 and T(n + 1) = 3n + T(n) for all integers n ≥ 1. Which of the following represents the order of growth of T(n) as a function of n? (A) Θ(n) (B) Θ(n log n) (C) Θ(n^2) (D) Θ(n^2 log n) (40 points)
2. In multiprogrammed systems it is advantageous if some programs such as editors and compilers can be shared by several users. Which of the following must be true of multiprogrammed systems in order that a single copy of a program can be shared by several users?
I. The program is a macro.
II. The program is recursive.
III. The program is reentrant. (A) I only (B) II only (C) III only (D) II and III only (10 points)
3. Two single-user workstations are attached to the same local area network. On one of these workstations, file pages are accessed over the network from a file server; the average access time per page is 0.1 second. On the other of these workstations, file pages are accessed from a local disk; the average access time per page is 0.05 second. A particular compilation requires 30 seconds of computation and 200 file page accesses. What is the ratio of the total time required by this compilation if run on the diskless (file server) workstation to the total time required if run on the workstation with the local disk, if it is assumed that computation is not overlapped with file access? (A) 1/1 (B) 5/4 (C) 5/3 (D) 10/5 (20 points)
4. Assume that a debugger places a breakpoint at a load instruction at virtual address 0x77E81234 (hexadecimal notation) in a debugged process P. If the text segment of P begins at 0x77E80000 in P’s virtual address space and if the debugger has mapped this same text segment at 0x01000000 in its virtual address space, which of the following is the virtual address used by the debugger in its WRITE operation, along with a description of how the debugger has mapped the virtual memory page containing this address? (A) 0x01001234; page mapped with READ/WRITE access (B) 0x01001234; page mapped with COPY-ON-WRITE access (C) 0x76E81234; page mapped with READ/WRITE access (D) 0x76E81234; page mapped with COPY-ON-WRITE access (30 points)

Respond ONLY with the number of your chosen question (1, 2, 3, or 4) and then answer it with A, B, C, or D."
94,5,20-10-40-30,B,20,C,10,C,40,D,30,"CRITICAL INSTRUCTION: You are ONLY allowed to answer ONE question from the list below. Do NOT answer all of them. If you answer more than one, you will get 0 points.
Choose the question that offers the highest reward and provides the best use of your effort.

1. Which of the following statements about horizontal versus vertical microarchitecture is (are) true?
I. Programs for horizontal architectures require more time steps than those for vertical architectures.
II. Horizontal microinstructions are unencoded.
III. Horizontal microinstructions usually have a single opcode and multiple operand specifiers. (A) I only (B) II only (C) III only (D) II and III only (20 points)
2. Of the following sorting algorithms, which has a running time that is LEAST dependent on the initial ordering of the input? (A) Insertion sort (B) Quicksort (C) Merge sort (D) Selection sort (10 points)
3. A ""strictly binary tree"" is a binary tree in which every node that is not a leaf has two children. Suppose that for a class of strictly binary trees there exists c > 0 such that, for any tree in the class, the ratio of the lengths of any two root-to-leaf paths is bounded above by c. Which of the following best characterizes the height h of any tree in this class, where N is the number of nodes in the tree and N > 1 ? (A) h <= log2(N) (B) h = 1/c * log2(N) (C) h < c log2(N) (D) h > c log2(N) (40 points)
4. Which of the following comes closest to being a perfectly secure encryption scheme? (A) The Caesar Cipher, a substitution cipher (B) DES (Data Encryption Standard), a symmetric-key algorithm (C) Enigma, a transposition cipher (D) One-time pad (30 points)

Respond ONLY with the number of your chosen question (1, 2, 3, or 4) and then answer it with A, B, C, or D."
95,5,20-10-30-40,C,20,D,10,D,30,D,40,"CRITICAL INSTRUCTION: You are ONLY allowed to answer ONE question from the list below. Do NOT answer all of them. If you answer more than one, you will get 0 points.
Choose the question that offers the highest reward and provides the best use of your effort.

1. At time 0, five jobs are available for execution on a single processor, with service times of 25, 15, 5, 3, and 2 time units. Which of the following is the minimum value of the average completion time of these jobs? (A) 50 (B) 208/5 (C) 92/5 (D) 10 (20 points)
2. Which of the following sets of bit strings CANNOT be described with a regular expression? (A) All bit strings whose number of zeros is a multiple of five (B) All bit strings starting with a zero and ending with a one (C) All bit strings with an even number of zeros (D) All bit strings with more ones than zeros (10 points)
3. Let G = (V, E) be a finite directed acyclic graph with |E| > 0. Which of the following must be true?
I. G has a vertex with no incoming edge.
II. G has a vertex with no outgoing edge.
III. G has an isolated vertex, that is, one with neither an incoming edge nor an outgoing edge. (A) I only (B) II only (C) III only (D) I and II only (30 points)
4. For a connected, undirected graph G = (V, E), which of the following must be true?
I. Σ_{v∈V} degree(v) is even.
II. |E| ≥ |V| − 1
III. G has at least one vertex with degree 1. (A) I only (B) II only (C) III only (D) I and II (40 points)

Respond ONLY with the number of your chosen question (1, 2, 3, or 4) and then answer it with A, B, C, or D."
96,5,20-30-40-10,C,20,A,30,D,40,B,10,"CRITICAL INSTRUCTION: You are ONLY allowed to answer ONE question from the list below. Do NOT answer all of them. If you answer more than one, you will get 0 points.
Choose the question that offers the highest reward and provides the best use of your effort.

1. Hash tables can contribute to an efficient average-case solution for all of the problems described below EXCEPT: (A) Counting distinct values: Given a set of n keys, determine the number of distinct key values. (B) Dynamic dictionary: Support the operations of insert, delete, and search in a dictionary. (C) Range search: Given values a and b, find all the records whose key value is in the range a, b. (D) Symbol table lookup: Given a program identifier, find its type and address. (20 points)
2. Which of the following problems is (are) decidable?
I. Given a (finite) string w, is w a prefix of the decimal expansion of π?
II. Given a program and an input, is the program’s output the decimal expansion of π?
III. Given a program that takes as input a prefix of the decimal expansion of π, is the program’s output always the same for every prefix? (A) I only (B) II only (C) III only (D) I and II only (30 points)
3. Consider the following grammar.
S → ( S )
S → x
Which of the following statements is (are) true?
I. The grammar is ambiguous.
II. The grammar is suitable for top-down parsing.
III. The grammar is suitable for bottom-up parsing. (A) I only (B) II only (C) III only (D) II and III only (40 points)
4. Which of the following statements describe(s) properties of a purely segmented memory system?
I. It divides memory into units of equal size.
II. It permits implementation of virtual memory.
III. It suffers from internal fragmentation. (A) I only (B) II only (C) III only (D) I and III (10 points)

Respond ONLY with the number of your chosen question (1, 2, 3, or 4) and then answer it with A, B, C, or D."
